110.671875
110.46875
110.3125
110.328125
110.484375
111.09375
111.109375
111.09375
110.90625
111.296875
111.640625
111.40625
111.359375
111.25
111.5
111.5
111.71875
111.921875
112.15625
112.171875
112.09375
112.1875
111.84375
111.84375
112.1875
112.328125
112.4375
112.25
112.078125
111.96875
111.578125
111.265625
111.75
111.953125
112.03125
111.21875
111.375
111.90625
111.671875
111.46875
110.71875
110.84375
110.34375
108.171875
107.875
107.96875
108.109375
107.921875
107.8125
108.296875
108.59375
107.75
107.75
107.78125
107.984375
108.140625
107.296875
106.953125
107.21875
107.796875
106.546875
106.109375
106.109375
105.640625
105.953125
105.125
104.75
104.9375
105.65625
105.8125
105.84375
105.625
105.3125
105.3125
105.421875
104.90625
105.65625
105.5
105.8125
105.734375
105.796875
105
105.296875
105.875
106
105.875
105.890625
106.234375
106.09375
106.09375
106
106.15625
105.5625
105.765625
105.75
106.09375
105.78125
105.96875
106.21875
106.0625
105.734375
105.359375
105.0625
104.609375
104.46875
103.9375
104.265625
103.9375
104.109375
104.21875
104.359375
104.328125
104.734375
104.734375
104.734375
105.3125
105.171875
105.328125
105.4375
105.59375
105.640625
105.390625
104.71875
105.390625
105.421875
105.328125
105.65625
106.046875
106.140625
106.515625
106.53125
107.078125
106.921875
106.765625
106.359375
106.234375
106.25
105.9375
105.65625
105.546875
105.359375
105.625
105.5625
105.5
105.734375
105.359375
105.15625
105.34375
105.296875
105.3125
105.78125
106.015625
105.828125
106.28125
106.671875
106.671875
106.4375
106.40625
106.40625
106.65625
106.890625
106.8125
107.171875
107.234375
107.3125
107.390625
107.46875
107.6875
107.828125
107.96875
107.703125
107.890625
107.703125
107.84375
108.046875
108.1875
107.890625
107.984375
108.078125
108.140625
108.171875
108.25
108.640625
108.609375
108.609375
108.734375
109.109375
108.921875
109.09375
109.125
109.171875
109.59375
109.34375
109.453125
109.328125
108.8125
109.3125
109.453125
109.375
109.34375
109.28125
109.34375
109.734375
109.875
109.6875
109.03125
108.8125
108.59375
108.296875
108.296875
108.78125
108.96875
108.546875
109.40625
109.65625
109.734375
109.875
109.75
109.890625
110.015625
109.96875
109.859375
