           1  0.720099323230117     
           2  0.182715376514625     
           3  0.106687872921270     
           4  0.450883327170998     
           5  0.656541061965174     
           6 -0.976233492219391     
           7  9.800162599752100E-003
           8  2.396254935743849E-003
           9  0.437283145756154     
          10  3.628644560964907E-002
          11 -0.809374185804930     
          12   2.50661829186281     
           1  0.720045776083624     
           2  0.182715426487385     
           3  0.106688863323025     
           4  0.450889286039435     
           5  0.656546432733183     
           6 -0.976232863291878     
           7  9.800169665122519E-003
           8  3.008438337993640E-003
           9  0.437285240539201     
          10  3.628659278722716E-002
          11 -0.809374294886875     
          12   2.50688406940701     
           1  0.719906785553959     
           2  0.182716655019986     
           3  0.106691293839388     
           4  0.450902842160775     
           5  0.656558105822939     
           6 -0.976231419409102     
           7  9.800198960769755E-003
           8  2.774831875365119E-003
           9  0.437284391485406     
          10  3.628671950654982E-002
          11 -0.809374707482545     
          12   2.50607235965435     
           1  0.719949153871274     
           2  0.182716113956286     
           3  0.106690559918022     
           4  0.450899033297377     
           5  0.656554899424900     
           6 -0.976231830884617     
           7  9.800186148157301E-003
           8  2.813020994802049E-003
           9  0.437284583158332     
          10  3.628667547460183E-002
          11 -0.809374528328871     
          12   2.50615964703430     
           1  0.719942081174927     
           2  0.182716204077296     
           3  0.106690681040925     
           4  0.450899677210293     
           5  0.656555438894524     
           6 -0.976231762377351     
           7  9.800188917751427E-003
           8  2.827778174881974E-003
           9  0.437284690461234     
          10  3.628669793129641E-002
          11 -0.809374567693542     
          12   2.50609391988343     
           1  0.719909429133455     
           2  0.182716895303958     
           3  0.106691208911488     
           4  0.450902042216314     
           5  0.656557266420647     
           6 -0.976231491877611     
           7  9.800198043882368E-003
           8  3.232197060146397E-003
           9  0.437285653771726     
          10  3.628695953597084E-002
          11 -0.809374690168043     
          12   2.50524659973754     
           1  0.719998411998690     
           2  0.182716145768446     
           3  0.106689630223502     
           4  0.450893456293145     
           5  0.656549816065133     
           6 -0.976232422812088     
           7  9.800176106959508E-003
           8  3.240244239776784E-003
           9  0.437285570318008     
          10  3.628680807779463E-002
          11 -0.809374373501488     
          12   2.50562012210968     
           1  0.719896997271524     
           2  0.182716596884695     
           3  0.106691528626396     
           4  0.450903861779076     
           5  0.656559133471198     
           6 -0.976231291091395     
           7  9.800202032826678E-003
           8  3.146904332983949E-003
           9  0.437285732236067     
          10  3.628678349025296E-002
          11 -0.809374758431099     
          12   2.50656473259385     
           1  0.720036583199320     
           2  0.182715973021633     
           3  0.106688916696124     
           4  0.450889527871004     
           5  0.656546300876303     
           6 -0.976232848215501     
           7  9.800165021608988E-003
           8  3.319199665236830E-003
           9  0.437285951650694     
          10  3.628682086770438E-002
          11 -0.809374213717966     
          12   2.50572972326537     
           1  0.720029949588814     
           2  0.182716333762752     
           3  0.106689028983293     
           4  0.450889523860030     
           5  0.656546179761469     
           6 -0.976232830919758     
           7  9.800176178335016E-003
           8  2.956639910022775E-003
           9  0.437284968907913     
          10  3.628678182701887E-002
          11 -0.809374370821003     
          12   2.50560498226167     
           1  0.720059386681466     
           2  0.182716434744407     
           3  0.106688465497818     
           4  0.450886017701555     
           5  0.656542951667300     
           6 -0.976233199404292     
           7  9.800173284429689E-003
           8  3.073978272353106E-003
           9  0.437285461727136     
          10  3.628684789186812E-002
          11 -0.809374325404582     
          12   2.50560624855315     
           1  0.720160453179534     
           2  0.182716475535356     
           3  0.106686560955719     
           4  0.450874612305682     
           5  0.656532570589009     
           6 -0.976234410800295     
           7  9.800154112440347E-003
           8  3.043764290204466E-003
           9  0.437285258457242     
          10  3.628690523102922E-002
          11 -0.809374030094744     
          12   2.50464181752140     
           1  0.720248523798151     
           2  0.182715415853115     
           3  0.106685067175696     
           4  0.450866539329687     
           5  0.656525791217573     
           6 -0.976235277197116     
           7  9.800142115553336E-003
           8  2.739551204960956E-003
           9  0.437284386093599     
          10  3.628663906209018E-002
          11 -0.809373866416108     
          12   2.50550807371187     
           1  0.720245457679617     
           2  0.182715818436076     
           3  0.106685088756580     
           4  0.450866138710589     
           5  0.656525258628085     
           6 -0.976235309263856     
           7  9.800145629725653E-003
           8  2.131675682776523E-003
           9  0.437282546545992     
          10  3.628657073077581E-002
          11 -0.809373903866870     
          12   2.50440704852235     
           1  0.720354873025997     
           2  0.182715701525818     
           3  0.106683057761271     
           4  0.450854052808768     
           5  0.656514349846158     
           6 -0.976236591502707     
           7  9.800130929873887E-003
           8  2.612757583433647E-003
           9  0.437283708209659     
          10  3.628668249474555E-002
          11 -0.809373684563688     
          12   2.50453796655290     
           1  0.720397133682269     
           2  0.182715853754806     
           3  0.106682260361591     
           4  0.450848996591139     
           5  0.656509708730771     
           6 -0.976237119401749     
           7  9.800125766052169E-003
           8  2.582819487009090E-003
           9  0.437283472858856     
          10  3.628668899598418E-002
          11 -0.809373604771512     
          12   2.50444236187119     
           1  0.720408086963721     
           2  0.182715930517918     
           3  0.106682058708914     
           4  0.450847587527963     
           5  0.656508415002666     
           6 -0.976237262465527     
           7  9.800126910671197E-003
           8  2.540421508313434E-003
           9  0.437283256340610     
          10  3.628668155468032E-002
          11 -0.809373619366600     
          12   2.50446738341361     
           1  0.720280087144038     
           2  0.182716791549836     
           3  0.106684324881602     
           4  0.450860467307023     
           5  0.656519653585953     
           6 -0.976235890961382     
           7  9.800137027851649E-003
           8  2.593193353964116E-003
           9  0.437283002743594     
          10  3.628683826220038E-002
          11 -0.809373757884833     
          12   2.50311834348960     
           1  0.720221575549476     
           2  0.182716708828673     
           3  0.106685501388257     
           4  0.450866892142639     
           5  0.656525644235835     
           6 -0.976235179425865     
           7  9.800153947913705E-003
           8  2.902005156909097E-003
           9  0.437283889705053     
          10  3.628681525676011E-002
          11 -0.809374020419946     
          12   2.50465589188562     
           1  0.720213154690192     
           2  0.182716391015730     
           3  0.106685675939074     
           4  0.450868452671709     
           5  0.656527175598729     
           6 -0.976235027504214     
           7  9.800154401341528E-003
           8  2.838550109284796E-003
           9  0.437283804214486     
          10  3.628678242780745E-002
          11 -0.809374034419217     
          12   2.50471676702304     
           1  0.720168647220617     
           2  0.182716323873707     
           3  0.106686553245086     
           4  0.450873415627923     
           5  0.656531773164519     
           6 -0.976234486050932     
           7  9.800164603201274E-003
           8  2.766248025798183E-003
           9  0.437283629259721     
          10  3.628672254765673E-002
          11 -0.809374190731350     
          12   2.50515523552011     
           1  0.720170159363867     
           2  0.182716057072254     
           3  0.106686511502015     
           4  0.450873852597222     
           5  0.656532223131996     
           6 -0.976234460056409     
           7  9.800156122433954E-003
           8  3.147515309028787E-003
           9  0.437284494778285     
          10  3.628679655374083E-002
          11 -0.809374071134307     
          12   2.50510693526725     
           1  0.720095381391246     
           2  0.182716123449393     
           3  0.106687975478637     
           4  0.450881847222933     
           5  0.656539567147506     
           6 -0.976233581023067     
           7  9.800173792284386E-003
           8  3.119885154347469E-003
           9  0.437284485371737     
          10  3.628674877248034E-002
          11 -0.809374337229751     
          12   2.50568091410373     
           1  0.720024481327692     
           2  0.182716023164159     
           3  0.106689343131363     
           4  0.450889848655915     
           5  0.656546928110547     
           6 -0.976232719741948     
           7  9.800176008608061E-003
           8  3.108909193961416E-003
           9  0.437284268072947     
          10  3.628669481241119E-002
          11 -0.809374377760463     
          12   2.50628562982036     
           1  0.719974688196525     
           2  0.182716400807708     
           3  0.106690152652169     
           4  0.450894954174525     
           5  0.656551260948891     
           6 -0.976232198660409     
           7  9.800167622883169E-003
           8  3.290077554253953E-003
           9  0.437284429493466     
          10  3.628689779528132E-002
          11 -0.809374246788978     
          12   2.50516618284396     
           1  0.719814145858887     
           2  0.182716523029612     
           3  0.106693184993052     
           4  0.450912602384385     
           5  0.656567280343533     
           6 -0.976230306775589     
           7  9.800189789987606E-003
           8  3.683967287514543E-003
           9  0.437285573323308     
          10  3.628694234893858E-002
          11 -0.809374589661786     
          12   2.50628228336733     
           1  0.719776001816350     
           2  0.182716334589063     
           3  0.106693902026258     
           4  0.450917310961799     
           5  0.656571605587175     
           6 -0.976229819595275     
           7  9.800190008680924E-003
           8  3.726380536061969E-003
           9  0.437285798695410     
          10  3.628690415135059E-002
          11 -0.809374600904615     
          12   2.50668194010550     
           1  0.719647030970411     
           2  0.182716588200341     
           3  0.106696397545357     
           4  0.450930959859097     
           5  0.656584033447804     
           6 -0.976228325893489     
           7  9.800210081836583E-003
           8  5.307270856961087E-003
           9  0.437290076394265     
          10  3.628722645886522E-002
          11 -0.809374903914456     
          12   2.50718365681354     
           1  0.719659149087799     
           2  0.182716315076880     
           3  0.106696136579866     
           4  0.450930347077829     
           5  0.656583491357970     
           6 -0.976228422696963     
           7  9.800202532738949E-003
           8  4.526479096804405E-003
           9  0.437288098761715     
          10  3.628702336244367E-002
          11 -0.809374799656307     
          12   2.50737345381058     
           1  0.719632776373460     
           2  0.182716408939015     
           3  0.106696683856997     
           4  0.450932880063631     
           5  0.656585839072246     
           6 -0.976228124610964     
           7  9.800209548265605E-003
           8  4.689616332593139E-003
           9  0.437288622597027     
          10  3.628706717156382E-002
          11 -0.809374906107931     
          12   2.50757636718753     
           1  0.719601188806707     
           2  0.182716873180412     
           3  0.106697323979942     
           4  0.450935231198675     
           5  0.656587914078449     
           6 -0.976227827322563     
           7  9.800230725116658E-003
           8  4.999584300766195E-003
           9  0.437289232038885     
          10  3.628715324060052E-002
          11 -0.809375211428688     
          12   2.50751852975430     
           1  0.719714966544339     
           2  0.182716631617063     
           3  0.106695089923509     
           4  0.450923376121131     
           5  0.656577065244462     
           6 -0.976229141584891     
           7  9.800209096997770E-003
           8  4.882336633943779E-003
           9  0.437288896674793     
          10  3.628716030479000E-002
          11 -0.809374885494012     
          12   2.50679472088798     
           1  0.719597859815124     
           2  0.182717092082184     
           3  0.106697433215589     
           4  0.450934924703678     
           5  0.656587639236843     
           6 -0.976227825279372     
           7  9.800240542595599E-003
           8  5.156251926269780E-003
           9  0.437289552131807     
          10  3.628720882385230E-002
          11 -0.809375352845520     
          12   2.50744212970653     
           1  0.719727737922753     
           2  0.182716628519644     
           3  0.106694819621495     
           4  0.450922095574115     
           5  0.656575855561081     
           6 -0.976229293112597     
           7  9.800206664112968E-003
           8  5.334336869200626E-003
           9  0.437289733399319     
          10  3.628723588615693E-002
          11 -0.809374846175852     
          12   2.50655817319702     
           1  0.719505794055279     
           2  0.182717158271618     
           3  0.106699308355091     
           4  0.450944495076982     
           5  0.656596528661234     
           6 -0.976226741471009     
           7  9.800250792906591E-003
           8  5.981050541785759E-003
           9  0.437291684825428     
          10  3.628736219471836E-002
          11 -0.809375511877906     
          12   2.50801820518375     
