 1    1365.51        318.541        294.150        23.7254        25.2000        1.03805    
 1    1365.51        297.994        272.450        28.1121        30.0000        1.03805    
 1    1365.51        278.027        251.250        33.0792        33.4500        1.03805    
 1    1365.51        258.680        230.700        38.6660        36.4000        1.03805    
 1    1365.51        243.673        214.150        43.6068        39.6000        1.03805    
 2    1374.02        325.785        304.150        22.4925        24.6500        1.03805    
 2    1374.02        305.062        282.300        26.7033        27.7000        1.03805    
 2    1374.02        284.906        260.800        31.4807        32.0000        1.03805    
 2    1374.02        265.355        239.650        36.8643        35.6000        1.03805    
 2    1374.02        250.177        223.200        41.6332        38.3500        1.03805    
 3    1374.02        325.437        304.150        22.1877        24.6500        1.03805    
 3    1374.02        304.687        282.300        26.3713        27.7000        1.03805    
 3    1374.02        284.504        260.800        31.1220        32.0000        1.03805    
 3    1374.02        264.928        239.650        36.4801        35.6000        1.03805    
 3    1374.02        249.731        223.200        41.2297        38.3500        1.03805    
 4    1367.58        319.327        297.900        22.5679        25.8000        1.03805    
 4    1367.58        298.662        276.200        26.8361        29.0000        1.03805    
 4    1367.58        278.576        254.900        31.6835        33.0000        1.03805    
 4    1367.58        259.109        233.600        37.1508        37.0000        1.03805    
 4    1367.58        244.009        217.800        41.9970        40.3000        1.03805    
 5    1354.68        307.491        288.050        23.6885        25.9000        1.03805    
 5    1354.68        287.032        266.950        28.1629        30.0000        1.03805    
 5    1354.68        267.176        245.850        33.2403        33.1000        1.03805    
 5    1354.68        247.964        225.050        38.9621        37.3000        1.03805    
 5    1354.68        233.085        208.800        44.0295        41.1000        1.03805    
 6    1352.46        305.142        286.300        23.6064        26.1500        1.03805    
 6    1352.46        284.695        264.800        28.0927        29.1000        1.03805    
 6    1352.46        264.856        244.000        33.1871        34.5000        1.03805    
 6    1352.46        245.667        223.100        38.9315        37.7000        1.03805    
 6    1352.46        230.810        207.200        44.0213        41.3500        1.03805    
 7    1341.47        295.051        273.400        24.5607        27.7500        1.03805    
 7    1341.47        274.786        252.100        29.2284        31.3500        1.03805    
 7    1341.47        255.150        231.450        34.5260        34.8000        1.03805    
 7    1341.47        236.186        211.150        40.4954        40.1500        1.03805    
 7    1341.47        221.525        195.550        45.7812        44.1000        1.03805    
 8    1341.45        294.624        274.200        24.1998        26.8000        1.03805    
 8    1341.45        274.328        252.900        28.8364        30.3000        1.03805    
 8    1341.45        254.662        231.950        34.1042        34.3000        1.03805    
 8    1341.45        235.670        211.500        40.0457        38.7500        1.03805    
 8    1341.45        220.989        195.400        45.3109        42.8000        1.03805    
 9    1334.76        288.328        267.300        24.6458        27.9000        1.03805    
 9    1334.76        268.133        246.100        29.3839        35.0000        1.03805    
 9    1334.76        248.583        225.500        34.7674        36.3500        1.03805    
 9    1334.76        229.721        205.250        40.8394        40.1500        1.03805    
 9    1334.76        215.155        189.450        46.2196        44.5000        1.03805    
10    1356.78        307.359        286.350        21.6881        23.4500        1.03805    
10    1356.78        286.701        264.400        25.9635        27.2400        1.03805    
10    1356.78        266.647        243.250        30.8431        31.2000        1.03805    
10    1356.78        247.242        222.450        36.3709        34.3500        1.03805    
10    1356.78        232.212        205.750        41.2879        37.9000        1.03805    
11    1353.64        304.139        281.500        21.6595        23.6500        1.03805    
11    1353.64        283.504        259.800        25.9584        26.7500        1.03805    
11    1353.64        263.481        238.500        30.8685        30.5500        1.03805    
11    1353.64        244.113        217.750        36.4345        34.7000        1.03805    
11    1353.64        229.120        201.750        41.3880        38.4000        1.03805    
12    1363.67        312.659        290.200        20.1933        21.3000        1.03805    
12    1363.67        291.802        268.400        24.2695        25.8500        1.03805    
12    1363.67        271.537        246.700        28.9384        27.8500        1.03805    
12    1363.67        251.911        225.600        34.2455        31.6000        1.03805    
12    1363.67        236.698        208.750        38.9796        34.8500        1.03805    
13    1372.78        320.413        298.300        18.8828        20.4500        1.03805    
13    1372.78        299.355        276.250        22.7582        23.2000        1.03805    
13    1372.78        278.872        254.550        27.2094        26.6500        1.03805    
13    1372.78        259.012        233.400        32.2826        30.0000        1.03805    
13    1372.78        243.601        216.500        36.8185        33.5000        1.03805    
14    1376.51        323.345        301.750        18.1348        19.6500        1.03805    
14    1376.51        302.182        279.650        21.9057        22.6900        1.03805    
14    1376.51        281.588        258.100        26.2457        25.5500        1.03805    
14    1376.51        261.610        236.550        31.2015        30.0000        1.03805    
14    1376.51        246.101        219.800        35.6398        32.4000        1.03805    
15    1362.66        310.411        291.200        19.1137        22.4000        1.03805    
15    1362.66        289.453        269.600        23.0892        24.3900        1.03805    
15    1362.66        269.091        247.950        27.6616        29.0000        1.03805    
15    1362.66        249.374        227.000        32.8787        32.9000        1.03805    
15    1362.66        234.095        210.700        37.5471        36.4000        1.03805    
