 1    1382.20        342.758        314.800        27.3368        35.5000       0.416531    
 1    1382.20        323.021        294.100        32.4068        39.3000       0.416531    
 1    1382.20        303.902        272.950        38.0946        43.3500       0.416531    
 1    1382.20        285.428        252.550        44.4273        47.8500       0.416531    
 1    1382.20        271.128        236.550        49.9734        51.8500       0.416531    
 1    1358.59        323.491        302.350        31.3954        40.6000       0.382146    
 1    1358.59        304.301        282.050        37.0058        44.0000       0.382146    
 1    1358.59        285.758        261.500        43.2636        49.4000       0.382146    
 1    1358.59        267.887        241.950        50.1926        54.2000       0.382146    
 1    1358.59        254.086        225.850        56.2323        58.6000       0.382146    
 1    1368.71        332.890        310.400        30.4845        40.7000       0.393508    
 1    1368.71        313.548        289.550        35.9390        42.0000       0.393508    
 1    1368.71        294.839        269.100        42.0262        48.5000       0.393508    
 1    1368.71        276.787        249.000        48.7702        50.2500       0.393508    
 1    1368.71        262.832        233.250        54.6518        57.5500       0.393508    
 1    1387.57        348.437        324.600        27.3527        34.3500       0.381873    
 1    1387.57        328.673        301.400        32.3891        37.7500       0.381873    
 1    1387.57        309.519        280.500        38.0348        44.0000       0.381873    
 1    1387.57        291.000        260.000        44.3163        49.0000       0.381873    
 1    1387.57        276.658        243.900        49.8146        49.3000       0.381873    
 1    1370.26        334.018        308.550        30.0807        39.6500       0.392358    
 1    1370.26        314.629        287.750        35.4884        42.0000       0.392358    
 1    1370.26        295.872        267.250        41.5272        44.9500       0.392358    
 1    1370.26        277.770        247.250        48.2217        50.0000       0.392358    
 1    1370.26        263.774        231.500        54.0632        57.1500       0.392358    
 1    1369.57        332.551        307.450        29.4936        38.8500       0.429122    
 1    1369.57        313.110        286.650        34.8535        42.9500       0.429122    
 1    1369.57        294.303        266.250        40.8472        47.3500       0.429122    
 1    1369.57        276.155        246.150        47.5000        52.2500       0.429122    
 1    1369.57        262.125        230.400        53.3112        56.6000       0.429122    
 1    1390.78        351.693        322.850        27.2355        34.5500       0.389441    
 1    1390.78        331.901        301.650        32.2406        38.2500       0.389441    
 1    1390.78        312.714        280.750        37.8502        42.2500       0.389441    
 1    1390.78        294.158        260.250        44.0906        46.0000       0.389441    
 1    1390.78        279.783        244.150        49.5524        50.4500       0.389441    
 1    1385.14        345.711        317.450        27.1444        35.6000       0.433426    
 1    1385.14        325.942        296.200        32.1781        39.3500       0.433426    
 1    1385.14        306.787        275.650        37.8253        44.0500       0.433426    
 1    1385.14        288.273        255.150        44.1131        48.1000       0.433426    
 1    1385.14        273.938        239.300        49.6201        52.4000       0.433426    
 1    1376.92        342.374        315.000        31.0777        36.2500       0.340631    
 1    1376.92        323.043        291.500        36.5270        40.8000       0.340631    
 1    1376.92        304.329        270.800        42.5940        44.8000       0.340631    
 1    1376.92        286.257        250.550        49.3017        49.6000       0.340631    
 1    1376.92        272.272        234.650        55.1418        53.0000       0.340631    
 1    1378.53        339.022        314.650        27.2545        34.9000       0.382483    
 1    1378.53        319.304        293.550        32.3437        38.7000       0.382483    
 1    1378.53        300.211        272.750        38.0570        42.8500       0.382483    
 1    1378.53        281.769        252.400        44.4219        47.2500       0.382483    
 1    1378.53        267.500        236.400        49.9987        51.2000       0.382483    
 1    1366.94        330.291        305.350        29.7815        37.7000       0.381364    
 1    1366.94        310.898        284.550        35.1879        41.7500       0.381364    
 1    1366.94        292.143        264.000        41.2320        46.1500       0.381364    
 1    1366.94        274.051        243.900        47.9387        50.8500       0.381364    
 1    1366.94        260.068        228.150        53.7953        55.0500       0.381364    
 1    1371.97        332.943        310.050        27.7885        35.5000       0.376392    
 1    1371.97        313.321        289.050        32.9746        39.3500       0.376392    
 1    1371.97        294.333        268.300        38.7947        43.8000       0.376392    
 1    1371.97        276.006        248.000        45.2760        48.1500       0.376392    
 1    1371.97        261.837        232.100        50.9529        52.1500       0.376392    
 1    1390.69        348.768        322.500        25.0094        31.2000       0.355790    
 1    1390.69        328.747        301.150        29.7991        34.6000       0.355790    
 1    1390.69        309.334        279.950        35.1971        38.4000       0.355790    
 1    1390.69        290.559        259.250        41.2329        43.1000       0.355790    
 1    1390.69        276.015        243.000        46.5380        46.2500       0.355790    
 1    1399.98        355.325        330.050        22.6669        28.6500       0.356113    
 1    1399.98        334.995        308.350        27.1571        31.8500       0.356113    
 1    1399.98        315.262        287.050        32.2434        35.4500       0.356113    
 1    1399.98        296.156        266.050        37.9580        39.3500       0.356113    
 1    1399.98        281.343        249.550        43.0010        42.7500       0.356113    
 1    1403.36        358.873        331.650        22.6805        28.6500       0.367010    
 1    1403.36        338.529        309.850        27.1524        31.8500       0.367010    
 1    1403.36        318.776        288.450        32.2153        35.3500       0.367010    
 1    1403.36        299.645        267.450        37.9008        39.3000       0.367010    
 1    1403.36        284.807        249.900        42.9163        42.6500       0.367010    
 1    1397.91        353.553        326.550        22.9164        29.0500       0.367284    
 1    1397.91        333.264        304.950        27.4461        32.0000       0.367284    
 1    1397.91        313.574        283.650        32.5751        35.9500       0.367284    
 1    1397.91        294.515        262.650        38.3352        39.8500       0.367284    
 1    1397.91        279.742        246.250        43.4167        43.3500       0.367284    
 1    1405.82        360.474        332.400        21.9382        27.7000       0.367344    
 1    1405.82        340.033        310.700        26.3166        30.8500       0.367344    
 1    1405.82        320.180        289.250        31.2827        34.3000       0.367344    
 1    1405.82        300.947        268.150        36.8690        38.1000       0.367344    
 1    1405.82        286.027        251.550        41.8040        41.4500       0.367344    
 1    1402.31        357.130        329.550        22.1405        27.9500       0.365261    
 1    1402.31        336.731        307.850        26.5614        31.0000       0.365261    
 1    1402.31        316.925        286.450        31.5754        34.6500       0.365261    
 1    1402.31        297.745        265.400        37.2148        38.5500       0.365261    
 1    1402.31        282.870        248.900        42.1963        41.9500       0.365261    
 1    1391.57        349.648        319.450        24.8864        29.5500       0.342708    
 1    1391.57        329.613        297.950        29.6597        33.0000       0.342708    
 1    1391.57        310.185        276.750        35.0402        36.6000       0.342708    
 1    1391.57        291.394        255.950        41.0574        40.7000       0.342708    
 1    1391.57        276.837        239.600        46.3468        44.2500       0.342708    
 1    1369.10        327.022        301.550        25.4294        34.0000       0.410523    
 1    1369.10        307.176        280.450        30.4077        35.7000       0.410523    
 1    1369.10        287.974        259.700        36.0304        39.7000       0.410523    
 1    1369.10        269.448        239.250        42.3284        46.4000       0.410523    
 1    1369.10        255.131        223.350        47.8710        50.4000       0.410523    
 1    1369.58        326.993        301.850        25.0141        32.6000       0.407205    
 1    1369.58        307.100        280.700        29.9473        36.0000       0.407205    
 1    1369.58        287.851        259.900        35.5249        40.4500       0.407205    
 1    1369.58        269.278        239.500        41.7784        44.9500       0.407205    
 1    1369.58        254.925        223.550        47.2862        48.9000       0.407205    
 1    1363.72        322.575        296.950        26.2789        34.0500       0.415715    
 1    1363.72        302.855        275.950        31.3810        37.6500       0.415715    
 1    1363.72        283.787        255.250        37.1355        42.1500       0.415715    
 1    1363.72        265.402        235.050        43.5725        48.5000       0.415715    
 1    1363.72        251.202        219.150        49.2308        50.8500       0.415715    
 1    1354.58        315.485        291.200        28.1249        36.0500       0.406276    
 1    1354.58        296.016        270.400        33.4742        41.0000       0.406276    
 1    1354.58        277.212        249.950        39.4881        44.6000       0.406276    
 1    1354.58        259.101        229.900        46.1947        49.4500       0.406276    
 1    1354.58        245.127        214.300        52.0749        53.7000       0.406276    
 1    1357.99        316.943        295.200        26.5072        34.4000       0.393506    
 1    1357.99        297.285        274.250        31.6748        38.3500       0.393506    
 1    1357.99        278.289        253.600        37.5049        42.6000       0.393506    
 1    1357.99        259.987        233.400        44.0279        47.3000       0.393506    
 1    1357.99        245.861        217.600        49.7626        51.4000       0.393506    
 1    1353.39        313.180        289.900        27.2753        34.0000       0.399471    
 1    1353.39        293.634        269.100        32.5530        40.0000       0.399471    
 1    1353.39        274.757        248.650        38.5000        44.3000       0.399471    
 1    1353.39        256.579        228.650        45.1457        49.1500       0.399471    
 1    1353.39        242.557        213.050        50.9824        53.4500       0.399471    
 1    1338.35        301.755        279.200        30.5485        38.0000       0.391764    
 1    1338.35        282.643        258.800        36.2530        44.1000       0.391764    
 1    1338.35        264.220        238.700        42.6458        48.9500       0.391764    
 1    1338.35        246.511        223.100        49.7529        54.2000       0.391764    
 1    1338.35        232.873        203.850        55.9675        58.8000       0.391764    
 1    1330.66        294.527        275.650        31.1548        39.0000       0.395001    
 1    1330.66        275.533        255.400        36.9802        46.6500       0.395001    
 1    1330.66        257.241        235.600        43.5070        47.4500       0.395001    
 1    1330.66        239.676        216.200        50.7614        57.2000       0.395001    
 1    1330.66        226.162        201.100        57.1031        62.0500       0.395001    
 1    1324.80        289.668        272.050        32.1254        41.0000       0.429673    
 1    1324.80        270.812        252.000        38.0888        49.2500       0.429673    
 1    1324.80        252.667        232.300        44.7620        54.4000       0.429673    
 1    1324.80        235.256        213.100        52.1704        55.0000       0.429673    
 1    1324.80        221.871        198.100        58.6399        65.0500       0.429673    
 1    1304.86        273.787        257.200        36.0067        45.3300       0.441652    
 1    1304.86        255.452        237.600        42.4860        53.0000       0.441652    
 1    1304.86        237.853        217.950        49.7011        61.1500       0.441652    
 1    1304.86        221.010        199.700        57.6733        67.3000       0.441652    
 1    1304.86        208.093        184.750        64.6073        72.7000       0.441652    
 1    1295.22        266.662        250.050        38.3359        49.0000       0.454155    
 1    1295.22        248.614        231.150        45.0980        55.0000       0.454155    
 1    1295.22        231.312        211.800        52.6058        65.6000       0.454155    
 1    1295.22        214.774        193.250        60.8785        72.1000       0.454155    
 1    1295.22        202.104        178.950        68.0567        77.6500       0.454155    
 1    1315.99        283.620        264.950        34.5494        49.4700       0.491657    
 1    1315.99        265.061        245.000        40.8011        51.0000       0.491657    
 1    1315.99        247.220        225.350        47.7709        58.1000       0.491657    
 1    1315.99        230.119        206.300        55.4815        63.9000       0.491657    
 1    1315.99        216.984        191.450        62.1952        68.9500       0.491657    
 1    1316.63        284.489        266.000        34.6859        44.0000       0.409583    
 1    1316.63        265.938        250.550        40.9429        49.0000       0.409583    
 1    1316.63        248.102        231.050        47.9160        56.5000       0.409583    
 1    1316.63        231.005        207.150        55.6278        64.2000       0.409583    
 1    1316.63        217.871        192.350        62.3407        69.3000       0.409583    
 1    1318.86        286.270        267.600        34.2413        48.0000       0.476825    
 1    1318.86        267.660        247.650        40.4408        51.4000       0.476825    
 1    1318.86        249.764        228.000        47.3537        56.7000       0.476825    
 1    1318.86        232.604        208.900        55.0028        62.5000       0.476825    
 1    1318.86        219.419        193.900        61.6642        67.5000       0.476825    
 1    1320.68        290.980        269.400        36.4092        48.0000       0.392959    
 1    1320.68        272.545        249.300        42.7671        49.7000       0.392959    
 1    1320.68        254.811        229.700        49.8251        54.8000       0.392959    
 1    1320.68        237.797        210.550        57.6034        60.4000       0.392959    
 1    1320.68        224.715        195.550        64.3550        65.3000       0.392959    
 1    1317.82        284.732        266.150        33.8625        46.8000       0.470377    
 1    1317.82        266.098        246.200        40.0409        50.0000       0.470377    
 1    1317.82        248.182        227.500        46.9367        57.3000       0.470377    
 1    1317.82        231.007        208.550        54.5732        62.6500       0.470377    
 1    1317.82        217.813        193.750        61.2280        67.7000       0.470377    
 1    1317.82        284.906        266.150        33.9852        46.8000       0.466542    
 1    1317.82        266.285        246.200        40.1741        50.0000       0.466542    
 1    1317.82        248.380        227.500        47.0799        57.3000       0.466542    
 1    1317.82        231.215        208.550        54.7257        62.6500       0.466542    
 1    1317.82        218.029        193.750        61.3874        67.7000       0.466542    
 1    1332.42        298.212        279.250        32.4416        43.0000       0.415069    
 1    1332.42        279.332        256.550        38.3669        46.7500       0.415069    
 1    1332.42        261.146        236.600        44.9853        51.7000       0.415069    
 1    1332.42        243.677        220.600        52.3209        57.0000       0.415069    
 1    1332.42        230.231        201.900        58.7187        61.7000       0.415069    
 1    1313.32        281.286        263.900        34.8044        46.0000       0.462047    
 1    1313.32        262.778        243.650        41.1049        52.8500       0.462047    
 1    1313.32        244.992        224.100        48.1282        58.2500       0.462047    
 1    1313.32        227.951        205.050        55.8968        64.2500       0.462047    
 1    1313.32        214.867        190.300        62.6598        69.4000       0.462047    
 1    1310.33        278.104        261.150        34.7455        47.3000       0.471711    
 1    1310.33        259.617        241.200        41.0708        52.2500       0.471711    
 1    1310.33        241.860        221.750        48.1258        60.2000       0.471711    
 1    1310.33        224.855        202.800        55.9331        62.9000       0.471711    
 1    1310.33        211.804        188.000        62.7323        68.7500       0.471711    
 1    1278.04        250.610        238.000        39.7449        57.9000       0.502614    
 1    1278.04        232.857        221.450        46.8095        61.0000       0.502614    
 1    1278.04        215.884        200.250        54.6530        67.3000       0.502614    
 1    1278.04        199.707        182.200        63.2935        70.5000       0.502614    
 1    1278.04        187.348        168.150        70.7881        82.6500       0.502614    
 1    1278.18        250.707        236.900        39.6823        56.2500       0.523117    
 1    1278.18        232.949        216.400        46.7409        61.9500       0.523117    
 1    1278.18        215.970        199.050        54.5783        66.9000       0.523117    
 1    1278.18        199.788        181.000        63.2128        78.5000       0.523117    
 1    1278.18        187.425        166.950        70.7027        79.6000       0.523117    
 1    1285.50        255.557        241.600        37.4176        52.1000       0.498889    
 1    1285.50        237.538        222.850        44.2203        57.4500       0.498889    
 1    1285.50        220.294        203.750        51.7968        63.4000       0.498889    
 1    1285.50        203.843        185.100        60.1678        73.3000       0.498889    
 1    1285.50        191.265        170.750        67.4467        75.7000       0.498889    
 1    1315.13        278.836        262.500        31.3063        40.5500       0.418192    
 1    1315.13        259.995        242.500        37.2925        45.4000       0.418192    
 1    1315.13        241.889        223.500        44.0134        50.8500       0.418192    
 1    1315.13        224.545        203.750        51.4961        62.3000       0.418192    
 1    1315.13        211.232        188.800        58.0452        61.1000       0.418192    
 1    1314.99        280.590        264.850        32.7807        44.0500       0.412591    
 1    1314.99        261.889        244.650        38.8972        47.0000       0.412591    
 1    1314.99        243.917        224.500        45.7422        54.0000       0.412591    
 1    1314.99        226.698        205.250        53.3405        57.3000       0.412591    
 1    1314.99        213.478        190.200        59.9746        64.5500       0.412591    
 1    1325.66        292.362        275.600        33.2480        41.1500       0.394254    
 1    1325.66        273.616        255.250        39.3049        51.6000       0.394254    
 1    1325.66        255.574        235.100        46.0654        50.6500       0.394254    
 1    1325.66        238.259        215.250        53.5529        59.4000       0.394254    
 1    1325.66        224.943        199.700        60.0789        60.4500       0.394254    
 1    1308.93        274.199        257.850        32.7083        46.6000       0.437406    
 1    1308.93        255.546        237.900        38.8786        45.0000       0.437406    
 1    1308.93        237.635        218.250        45.7913        49.6000       0.437406    
 1    1308.93        220.493        199.450        53.4721        62.7500       0.437406    
 1    1308.93        207.345        184.700        60.1830        67.8000       0.437406    
 1    1324.18        294.238        274.200        35.8813        42.9000       0.334480    
 1    1324.18        275.740        253.800        42.1685        48.9000       0.334480    
 1    1324.18        257.937        233.850        49.1512        52.5500       0.334480    
 1    1324.18        240.850        214.350        56.8498        60.0000       0.334480    
 1    1324.18        227.706        199.300        63.5346        62.6500       0.334480    
 1    1314.88        283.498        267.800        35.0902        47.2000       0.430609    
 1    1314.88        265.009        247.850        41.4020        53.3000       0.430609    
 1    1314.88        247.239        228.000        48.4320        55.8000       0.430609    
 1    1314.88        230.208        208.650        56.2020        60.9000       0.430609    
 1    1314.88        217.127        193.600        62.9621        68.0500       0.430609    
 1    1329.10        294.464        278.950        32.0246        41.8500       0.370546    
 1    1329.10        275.581        258.750        37.9471        46.0000       0.370546    
 1    1329.10        257.400        238.550        44.5711        48.8500       0.370546    
 1    1329.10        239.945        218.200        51.9214        56.0000       0.370546    
 1    1329.10        226.518        203.000        58.3380        60.8000       0.370546    
 1    1342.84        308.215        286.850        31.5448        40.0500       0.368028    
 1    1342.84        289.184        266.050        37.3076        44.3500       0.368028    
 1    1342.84        270.829        245.450        43.7465        47.3100       0.368028    
 1    1342.84        253.175        225.450        50.8859        51.9000       0.368028    
 1    1342.84        239.569        210.000        57.1151        56.1000       0.368028    
 1    1344.78        305.747        286.500        28.0577        35.6000       0.389587    
 1    1344.78        286.361        265.800        33.4870        41.5000       0.389587    
 1    1344.78        267.659        244.900        39.6005        45.3000       0.389587    
 1    1344.78        249.671        224.700        46.4272        50.3000       0.389587    
 1    1344.78        235.810        209.100        52.4185        52.8000       0.389587    
 1    1357.98        315.861        294.800        25.2511        33.6000       0.399374    
 1    1357.98        296.090        273.800        30.3022        36.9000       0.399374    
 1    1357.98        276.986        253.300        36.0196        39.9500       0.399374    
 1    1357.98        258.580        232.450        42.4355        45.7000       0.399374    
 1    1357.98        244.377        216.450        48.0896        49.8500       0.399374    
 1    1355.69        313.756        292.800        25.4472        31.5000       0.375416    
 1    1355.69        294.022        271.800        30.5358        38.0000       0.375416    
 1    1355.69        274.959        250.550        36.2946        40.6000       0.375416    
 1    1355.69        256.598        229.850        42.7557        44.0000       0.375416    
 1    1355.69        242.434        213.750        48.4488        47.3500       0.375416    
 1    1325.51        285.494        267.550        27.8710        38.4000       0.388203    
 1    1325.51        266.236        246.900        33.4472        35.5000       0.388203    
 1    1325.51        247.705        226.950        39.7492        43.7000       0.388203    
 1    1325.51        229.930        207.000        46.8084        52.4000       0.388203    
 1    1325.51        216.273        191.750        53.0183        57.0500       0.388203    
 1    1335.02        293.130        271.200        26.0901        34.6500       0.439930    
 1    1335.02        273.613        250.000        31.4088        38.7000       0.439930    
 1    1335.02        254.807        229.850        37.4386        43.1500       0.439930    
 1    1335.02        236.745        209.900        44.2129        49.7000       0.439930    
 1    1335.02        222.851        194.250        50.1872        52.5500       0.439930    
 1    1313.72        273.814        255.700        28.3076        38.7000       0.448913    
 1    1313.72        254.700        235.550        34.0352        42.4000       0.448913    
 1    1313.72        236.338        215.400        40.5144        48.0000       0.448913    
 1    1313.72        218.760        195.900        47.7771        53.5000       0.448913    
 1    1313.72        205.278        180.800        54.1689        56.5000       0.448913    
 1    1319.99        279.315        262.400        27.4832        36.1500       0.396641    
 1    1319.99        260.064        240.750        33.0728        40.0000       0.396641    
 1    1319.99        241.554        221.400        39.4025        45.2500       0.396641    
 1    1319.99        223.816        201.750        46.5051        49.9000       0.396641    
 1    1319.99        210.201        186.400        52.7616        54.8000       0.396641    
 1    1331.85        288.734        270.750        25.1896        34.6500       0.444941    
 1    1331.85        269.146        249.850        30.4443        38.3000       0.444941    
 1    1331.85        250.278        229.550        36.4203        42.8000       0.444941    
 1    1331.85        232.167        209.500        43.1530        48.0000       0.444941    
 1    1331.85        218.243        194.150        49.1040        52.1000       0.444941    
 1    1329.04        287.379        267.250        26.3951        33.8000       0.390189    
 1    1329.04        267.943        246.250        31.7971        38.3000       0.390189    
 1    1329.04        249.231        225.800        37.9225        42.8500       0.390189    
 1    1329.04        231.276        205.900        44.8049        47.5500       0.390189    
 1    1329.04        217.475        191.150        50.8746        52.0500       0.390189    
 1    1362.16        314.667        294.200        20.8873        27.1000       0.403266    
 1    1362.16        294.374        272.700        25.4393        32.7000       0.403266    
 1    1362.16        274.747        251.500        30.6582        34.3000       0.403266    
 1    1362.16        255.827        230.800        36.5835        38.5000       0.403266    
 1    1362.16        241.224        214.500        41.8561        42.1000       0.403266    
