 1    1382.20        340.215        314.800        32.8467        35.5000       0.315193    
 1    1382.20        321.101        294.100        38.7275        39.3000       0.315193    
 1    1382.20        302.645        272.950        45.2656        43.3500       0.315193    
 1    1382.20        284.864        252.550        52.4800        47.8500       0.315193    
 1    1382.20        271.137        236.550        58.7483        51.8500       0.315193    
 1    1358.59        320.365        302.350        36.5662        40.6000       0.256421    
 1    1358.59        301.745        282.050        42.9400        44.0000       0.256421    
 1    1358.59        283.807        261.500        49.9972        49.4000       0.256421    
 1    1358.59        266.570        241.950        57.7537        54.2000       0.256421    
 1    1358.59        253.291        225.850        64.4703        58.6000       0.256421    
 1    1368.71        331.659        310.400        37.4959        40.7000       0.327370    
 1    1368.71        313.019        289.550        43.8476        42.0000       0.327370    
 1    1368.71        295.041        269.100        50.8613        48.5000       0.327370    
 1    1368.71        277.740        249.000        58.5521        50.2500       0.327370    
 1    1368.71        264.394        233.250        65.1999        57.5500       0.327370    
 1    1387.57        343.852        324.600        31.0800        34.3500       0.273111    
 1    1387.57        324.538        301.400        36.7597        37.7500       0.273111    
 1    1387.57        305.876        280.500        43.0924        44.0000       0.273111    
 1    1387.57        287.888        260.000        50.0987        49.0000       0.273111    
 1    1387.57        273.993        243.900        56.1997        49.3000       0.273111    
 1    1370.26        328.806        308.550        33.3316        39.6500       0.286728    
 1    1370.26        309.817        287.750        39.3371        42.0000       0.286728    
 1    1370.26        291.503        267.250        46.0166        44.9500       0.286728    
 1    1370.26        273.881        247.250        53.3893        50.0000       0.286728    
 1    1370.26        260.293        231.500        59.7962        57.1500       0.286728    
 1    1369.57        327.966        307.450        33.2261        38.8500       0.282014    
 1    1369.57        308.975        286.650        39.2308        42.9500       0.282014    
 1    1369.57        290.661        266.250        45.9114        47.3500       0.282014    
 1    1369.57        273.042        246.150        53.2871        52.2500       0.282014    
 1    1369.57        259.457        230.400        59.6979        56.6000       0.282014    
 1    1390.78        346.704        322.850        30.6075        34.5500       0.290867    
 1    1390.78        327.315        301.650        36.2116        38.2500       0.290867    
 1    1390.78        308.574        280.750        42.4633        42.2500       0.290867    
 1    1390.78        290.501        260.250        49.3839        46.0000       0.290867    
 1    1390.78        276.536        244.150        55.4134        50.4500       0.290867    
 1    1385.14        343.723        317.450        33.0904        35.6000       0.311061    
 1    1385.14        324.586        296.200        38.9444        39.3500       0.311061    
 1    1385.14        306.097        275.650        45.4469        44.0500       0.311061    
 1    1385.14        288.276        255.150        52.6169        48.1000       0.311061    
 1    1385.14        274.509        239.300        58.8434        52.4000       0.311061    
 1    1376.92        334.421        315.000        32.1461        36.2500       0.278437    
 1    1376.92        315.266        291.500        37.9840        40.8000       0.278437    
 1    1376.92        296.775        270.800        44.4868        44.8000       0.278437    
 1    1376.92        278.970        250.550        51.6747        49.6000       0.278437    
 1    1376.92        265.230        234.650        57.9288        53.0000       0.278437    
 1    1378.53        333.452        314.650        29.7049        34.9000       0.272336    
 1    1378.53        314.068        293.550        35.3161        38.7000       0.272336    
 1    1378.53        295.355        272.750        41.5971        42.8500       0.272336    
 1    1378.53        277.334        252.400        48.5710        47.2500       0.272336    
 1    1378.53        263.429        236.400        54.6611        51.2000       0.272336    
 1    1366.94        323.352        305.350        31.1755        37.7000       0.291917    
 1    1366.94        304.190        284.550        37.0072        41.7500       0.291917    
 1    1366.94        285.712        264.000        43.5241        46.1500       0.291917    
 1    1366.94        267.942        243.900        50.7478        50.8500       0.291917    
 1    1366.94        254.245        228.150        57.0470        55.0500       0.291917    
 1    1371.97        326.500        310.050        29.3395        35.5000       0.281897    
 1    1371.97        307.130        289.050        34.9646        39.3500       0.281897    
 1    1371.97        288.442        268.300        41.2716        43.8000       0.281897    
 1    1371.97        270.460        248.000        48.2844        48.1500       0.281897    
 1    1371.97        256.595        232.100        54.4153        52.1500       0.281897    
 1    1390.69        341.259        322.500        25.4460        31.2000       0.296039    
 1    1390.69        321.374        301.150        30.5564        34.6000       0.296039    
 1    1390.69        302.148        279.950        36.3266        38.4000       0.296039    
 1    1390.69        283.610        259.250        42.7843        43.1000       0.296039    
 1    1390.69        269.290        243.000        48.4610        46.2500       0.296039    
 1    1399.98        349.272        330.050        24.1406        28.6500       0.275891    
 1    1399.98        329.186        308.350        29.0503        31.8500       0.275891    
 1    1399.98        309.746        287.050        34.6061        35.4500       0.275891    
 1    1399.98        290.982        266.050        40.8371        39.3500       0.275891    
 1    1399.98        276.473        249.550        46.3244        42.7500       0.275891    
 1    1403.36        351.465        331.650        22.9778        28.6500       0.313447    
 1    1403.36        331.233        309.850        27.7415        31.8500       0.313447    
 1    1403.36        311.643        288.450        33.1473        35.3500       0.313447    
 1    1403.36        292.725        267.450        39.2259        39.3000       0.313447    
 1    1403.36        278.093        249.900        44.5905        42.6500       0.313447    
 1    1397.91        346.960        326.550        23.8652        29.0500       0.294777    
 1    1397.91        326.854        304.950        28.7546        32.0000       0.294777    
 1    1397.91        307.397        283.650        34.2931        35.9500       0.294777    
 1    1397.91        288.620        262.650        40.5105        39.8500       0.294777    
 1    1397.91        274.103        246.250        45.9900        43.3500       0.294777    
 1    1405.82        353.257        332.400        22.2671        27.7000       0.313620    
 1    1405.82        332.926        310.700        26.9323        30.8500       0.313620    
 1    1405.82        313.234        289.250        32.2355        34.3000       0.313620    
 1    1405.82        294.212        268.150        38.2083        38.1000       0.313620    
 1    1405.82        279.494        251.550        43.4869        41.4500       0.313620    
 1    1402.31        349.575        329.550        22.1052        27.9500       0.323791    
 1    1402.31        329.248        307.850        26.7736        31.0000       0.323791    
 1    1402.31        309.565        286.450        32.0859        34.6500       0.323791    
 1    1402.31        290.557        265.400        38.0742        38.5500       0.323791    
 1    1402.31        275.857        248.900        43.3700        41.9500       0.323791    
 1    1391.57        339.120        319.450        22.4294        29.5500       0.373467    
 1    1391.57        318.899        297.950        27.2045        33.0000       0.373467    
 1    1391.57        299.339        276.750        32.6415        36.6000       0.373467    
 1    1391.57        280.475        255.950        38.7731        40.7000       0.373467    
 1    1391.57        265.902        239.600        44.1970        44.2500       0.373467    
 1    1369.10        319.685        301.550        25.4175        34.0000       0.363267    
 1    1369.10        299.939        280.450        30.6677        35.7000       0.363267    
 1    1369.10        280.890        259.700        36.6141        39.7000       0.363267    
 1    1369.10        262.567        239.250        43.2865        46.4000       0.363267    
 1    1369.10        248.447        223.350        49.1634        50.4000       0.363267    
 1    1369.58        319.137        301.850        24.4215        32.6000       0.386216    
 1    1369.58        299.283        280.700        29.5642        36.0000       0.386216    
 1    1369.58        280.128        259.900        35.4047        40.4500       0.386216    
 1    1369.58        261.701        239.500        41.9744        44.9500       0.386216    
 1    1369.58        247.503        223.550        47.7725        48.9000       0.386216    
 1    1363.72        313.870        296.950        24.9927        34.0500       0.422234    
 1    1363.72        294.119        275.950        30.2373        37.6500       0.422234    
 1    1363.72        275.075        255.250        36.1892        42.1500       0.422234    
 1    1363.72        256.769        235.050        42.8792        48.5000       0.422234    
 1    1363.72        242.673        219.150        48.7798        50.8500       0.422234    
 1    1354.58        305.634        291.200        25.8853        36.0500       0.450652    
 1    1354.58        286.046        270.400        31.2926        41.0000       0.450652    
 1    1354.58        267.180        249.950        37.4226        44.6000       0.450652    
 1    1354.58        249.067        229.900        44.3056        49.4500       0.450652    
 1    1354.58        235.135        214.300        50.3703        53.7000       0.450652    
 1    1357.99        308.068        295.200        24.9073        34.4000       0.421107    
 1    1357.99        288.349        274.250        30.1837        38.3500       0.421107    
 1    1357.99        269.348        253.600        36.1784        42.6000       0.421107    
 1    1357.99        251.097        233.400        42.9231        47.3000       0.421107    
 1    1357.99        237.053        217.600        48.8760        51.4000       0.421107    
 1    1353.39        303.134        289.900        24.6018        34.0000       0.474120    
 1    1353.39        283.419        269.100        29.8830        40.0000       0.474120    
 1    1353.39        264.432        248.650        35.8931        44.3000       0.474120    
 1    1353.39        246.208        228.650        42.6645        49.1500       0.474120    
 1    1353.39        232.194        213.050        48.6475        53.4500       0.474120    
 1    1338.35        289.704        279.200        26.2117        38.0000       0.529871    
 1    1338.35        270.283        258.800        31.7867        44.1000       0.529871    
 1    1338.35        251.618        238.700        38.1176        48.9500       0.529871    
 1    1338.35        233.739        223.100        45.2352        54.2000       0.529871    
 1    1338.35        220.019        203.850        51.5124        58.8000       0.529871    
 1    1330.66        282.605        275.650        26.8016        39.0000       0.539070    
 1    1330.66        263.311        255.400        32.5043        46.6500       0.539070    
 1    1330.66        244.788        235.600        38.9778        47.4500       0.539070    
 1    1330.66        227.067        216.200        46.2527        57.2000       0.539070    
 1    1330.66        213.483        201.100        52.6657        62.0500       0.539070    
 1    1324.80        279.871        272.050        29.7547        41.0000       0.482587    
 1    1324.80        260.911        252.000        35.7878        49.2500       0.482587    
 1    1324.80        242.720        232.300        42.5906        54.4000       0.482587    
 1    1324.80        225.325        213.100        50.1896        55.0000       0.482587    
 1    1324.80        211.996        198.100        56.8554        65.0500       0.482587    
 1    1304.86        269.512        257.200        38.9239        45.3300       0.303578    
 1    1304.86        251.520        237.600        45.9184        53.0000       0.303578    
 1    1304.86        234.294        217.950        53.6800        61.1500       0.303578    
 1    1304.86        217.852        199.700        62.2246        67.3000       0.303578    
 1    1304.86        205.268        184.750        69.6307        72.7000       0.303578    
 1    1295.22        266.590        250.050        45.3089        49.0000       0.259238    
 1    1295.22        249.159        231.150        52.8590        55.0000       0.259238    
 1    1295.22        232.480        211.800        61.1622        65.6000       0.259238    
 1    1295.22        216.565        193.250        70.2289        72.1000       0.259238    
 1    1295.22        204.387        178.950        78.0355        77.6500       0.259238    
 1    1315.99        285.227        264.950        43.0115        49.4700       0.306200    
 1    1315.99        267.411        245.000        50.1748        51.0000       0.306200    
 1    1315.99        250.318        225.350        58.0603        58.1000       0.306200    
 1    1315.99        233.959        206.300        66.6804        63.9000       0.306200    
 1    1315.99        221.406        191.450        74.1105        68.9500       0.306200    
 1    1316.63        282.256        266.000        39.5901        44.0000       0.236813    
 1    1316.63        264.182        250.550        46.4976        49.0000       0.236813    
 1    1316.63        246.844        231.050        54.1422        56.5000       0.236813    
 1    1316.63        230.259        207.150        62.5391        64.2000       0.236813    
 1    1316.63        217.540        192.350        69.8052        69.3000       0.236813    
 1    1318.86        288.237        267.600        43.0362        48.0000       0.307217    
 1    1318.86        270.391        247.650        50.1665        51.4000       0.307217    
 1    1318.86        253.261        228.000        58.0127        56.7000       0.307217    
 1    1318.86        236.859        208.900        66.5873        62.5000       0.307217    
 1    1318.86        224.267        193.900        73.9765        67.5000       0.307217    
 1    1320.68        286.960        269.400        40.0824        48.0000       0.298286    
 1    1320.68        268.878        249.300        46.9793        49.7000       0.298286    
 1    1320.68        251.522        229.700        54.6019        54.8000       0.298286    
 1    1320.68        234.906        210.550        62.9653        60.4000       0.298286    
 1    1320.68        222.154        195.550        70.1959        65.3000       0.298286    
 1    1317.82        286.526        266.150        42.3514        46.8000       0.285420    
 1    1317.82        268.638        246.200        49.4390        50.0000       0.285420    
 1    1317.82        251.470        227.500        57.2471        57.3000       0.285420    
 1    1317.82        235.036        208.550        65.7887        62.6500       0.285420    
 1    1317.82        222.422        193.750        73.1557        67.7000       0.285420    
 1    1317.82        286.654        266.150        42.4354        46.8000       0.286614    
 1    1317.82        268.770        246.200        49.5265        50.0000       0.286614    
 1    1317.82        251.606        227.500        57.3374        57.3000       0.286614    
 1    1317.82        235.175        208.550        65.8811        62.6500       0.286614    
 1    1317.82        222.563        193.750        73.2491        67.7000       0.286614    
 1    1332.42        293.990        279.250        35.4354        43.0000       0.292957    
 1    1332.42        275.425        256.550        41.8495        46.7500       0.292957    
 1    1332.42        257.582        236.600        48.9858        51.7000       0.292957    
 1    1332.42        240.480        220.600        56.8638        57.0000       0.292957    
 1    1332.42        227.343        201.900        63.7097        61.7000       0.292957    
 1    1313.32        282.919        263.900        43.1359        46.0000       0.277949    
 1    1313.32        265.128        243.650        50.3180        52.8500       0.277949    
 1    1313.32        248.061        224.100        58.2248        58.2500       0.277949    
 1    1313.32        231.732        205.050        66.8686        64.2500       0.277949    
 1    1313.32        219.204        190.300        74.3195        69.4000       0.277949    
 1    1310.33        277.843        261.150        41.1840        47.3000       0.285909    
 1    1310.33        259.940        241.200        48.2557        52.2500       0.285909    
 1    1310.33        242.776        221.750        56.0672        60.2000       0.285909    
 1    1310.33        226.366        202.800        64.6325        62.9000       0.285909    
 1    1310.33        213.786        188.000        72.0337        68.7500       0.285909    
 1    1278.04        252.716        238.000        48.2780        57.9000       0.299143    
 1    1278.04        235.662        221.450        56.1980        61.0000       0.299143    
 1    1278.04        219.379        200.250        64.8885        67.3000       0.299143    
 1    1278.04        203.874        182.200        74.3578        70.5000       0.299143    
 1    1278.04        192.033        168.150        82.4959        82.6500       0.299143    
 1    1278.18        252.072        236.900        47.5037        56.2500       0.314989    
 1    1278.18        234.965        216.400        55.3702        61.9500       0.314989    
 1    1278.18        218.632        199.050        64.0109        66.9000       0.314989    
 1    1278.18        203.082        181.000        73.4348        78.5000       0.314989    
 1    1278.18        191.209        166.950        81.5401        79.6000       0.314989    
 1    1285.50        251.586        241.600        40.0297        52.1000       0.381239    
 1    1285.50        233.866        222.850        47.2895        57.4500       0.381239    
 1    1285.50        216.947        203.750        55.3500        63.4000       0.381239    
 1    1285.50        200.844        185.100        64.2267        73.3000       0.381239    
 1    1285.50        188.555        170.750        71.9218        75.7000       0.381239    
 1    1315.13        262.193        262.500        21.7713        40.5500       0.828488    
 1    1315.13        242.459        242.500        27.0306        45.4000       0.828488    
 1    1315.13        223.548        223.500        33.1139        50.8500       0.828488    
 1    1315.13        205.506        203.750        40.0653        62.3000       0.828488    
 1    1315.13        191.720        188.800        46.2751        61.1000       0.828488    
 1    1314.99        269.486        264.850        28.7319        44.0500       0.538640    
 1    1314.99        250.480        244.650        34.7112        47.0000       0.538640    
 1    1314.99        232.264        224.500        41.4799        54.0000       0.538640    
 1    1314.99        214.867        205.250        49.0676        57.3000       0.538640    
 1    1314.99        201.554        190.200        55.7426        64.5500       0.538640    
 1    1325.66        285.739        275.600        33.8275        41.1500       0.337298    
 1    1325.66        267.090        255.250        40.1536        51.6000       0.337298    
 1    1325.66        249.180        235.100        47.2200        50.6500       0.337298    
 1    1325.66        232.033        215.250        55.0483        59.4000       0.337298    
 1    1325.66        218.875        199.700        61.8705        60.4500       0.337298    
 1    1308.93        263.468        257.850        29.0285        46.6000       0.541456    
 1    1308.93        244.567        237.900        35.1174        45.0000       0.541456    
 1    1308.93        226.473        218.250        42.0125        49.6000       0.541456    
 1    1308.93        209.214        199.450        49.7432        62.7500       0.541456    
 1    1308.93        196.023        184.700        56.5439        67.8000       0.541456    
 1    1324.18        289.883        274.200        39.3049        42.9000       0.256285    
 1    1324.18        271.703        253.800        46.0968        48.9000       0.256285    
 1    1324.18        254.243        233.850        53.6093        52.5500       0.256285    
 1    1324.18        237.520        214.350        61.8582        60.0000       0.256285    
 1    1324.18        224.678        199.300        68.9948        62.6500       0.256285    
 1    1314.88        286.501        267.800        44.9118        47.2000       0.323111    
 1    1314.88        268.820        247.850        52.1973        53.3000       0.323111    
 1    1314.88        251.853        228.000        60.1956        55.8000       0.323111    
 1    1314.88        235.609        208.650        68.9176        60.9000       0.323111    
 1    1314.88        223.139        193.600        76.4208        68.0500       0.323111    
 1    1329.10        291.398        278.950        35.9742        41.8500       0.245744    
 1    1329.10        272.903        258.750        42.4531        46.0000       0.245744    
 1    1329.10        255.134        238.550        49.6569        48.8500       0.245744    
 1    1329.10        238.108        218.200        57.6045        56.0000       0.245744    
 1    1329.10        225.032        203.000        64.5075        60.8000       0.245744    
 1    1342.84        301.545        286.850        32.4217        40.0500       0.305438    
 1    1342.84        282.623        266.050        38.4739        44.3500       0.305438    
 1    1342.84        264.413        245.450        45.2380        47.3100       0.305438    
 1    1342.84        246.938        225.450        52.7364        51.9000       0.305438    
 1    1342.84        233.498        210.000        59.2755        56.1000       0.305438    
 1    1344.78        294.746        286.500        24.1827        35.6000       0.530705    
 1    1344.78        275.005        265.800        29.4248        41.5000       0.530705    
 1    1344.78        256.000        244.900        35.4042        45.3000       0.530705    
 1    1344.78        237.768        224.700        42.1557        50.3000       0.530705    
 1    1344.78        223.757        209.100        48.1323        52.8000       0.530705    
 1    1357.98        323.054        294.800        39.4856        33.6000       0.742471    
 1    1357.98        304.630        273.800        46.0497        36.9000       0.742471    
 1    1357.98        286.875        253.300        53.2824        39.9500       0.742471    
 1    1357.98        269.803        232.450        61.1978        45.7000       0.742471    
 1    1357.98        256.644        216.450        68.0285        49.8500       0.742471    
 1    1355.69        314.994        292.800        34.0409        31.5000       0.495945    
 1    1355.69        296.151        271.800        40.1922        38.0000       0.495945    
 1    1355.69        278.000        250.550        47.0359        40.6000       0.495945    
 1    1355.69        260.561        229.850        54.5913        44.0000       0.495945    
 1    1355.69        247.132        213.750        61.1579        47.3500       0.495945    
 1    1325.51        284.981        267.550        34.4270        38.4000       0.336326    
 1    1325.51        266.442        246.900        40.8865        35.5000       0.336326    
 1    1325.51        248.653        226.950        48.0959        43.7000       0.336326    
 1    1325.51        231.633        207.000        56.0748        52.4000       0.336326    
 1    1325.51        218.581        191.750        63.0216        57.0500       0.336326    
 1    1335.02        291.210        271.200        31.1614        34.6500       0.297996    
 1    1335.02        272.292        250.000        37.2421        38.7000       0.297996    
 1    1335.02        254.117        229.850        44.0662        43.1500       0.297996    
 1    1335.02        236.709        209.900        51.6575        49.7000       0.297996    
 1    1335.02        223.347        194.250        58.2949        52.5500       0.297996    
 1    1313.72        272.178        255.700        33.4173        38.7000       0.293903    
 1    1313.72        253.662        235.550        39.9007        42.4000       0.293903    
 1    1313.72        235.926        215.400        47.1635        48.0000       0.293903    
 1    1313.72        218.991        195.900        55.2273        53.5000       0.293903    
 1    1313.72        206.030        180.800        62.2654        56.5000       0.293903    
 1    1319.99        276.026        262.400        30.9858        36.1500       0.266699    
 1    1319.99        257.227        240.750        37.1852        40.0000       0.266699    
 1    1319.99        239.204        221.400        44.1607        45.2500       0.266699    
 1    1319.99        221.981        201.750        51.9372        49.9000       0.266699    
 1    1319.99        208.792        186.400        58.7473        54.8000       0.266699    
 1    1331.85        284.557        270.750        27.6530        34.6500       0.309549    
 1    1331.85        265.324        249.850        33.4183        38.3000       0.309549    
 1    1331.85        246.853        229.550        39.9464        42.8000       0.309549    
 1    1331.85        229.175        209.500        47.2668        48.0000       0.309549    
 1    1331.85        215.618        194.150        53.7089        52.1000       0.309549    
 1    1329.04        280.686        267.250        26.5910        33.8000       0.335607    
 1    1329.04        261.368        246.250        32.2718        38.3000       0.335607    
 1    1329.04        242.823        225.800        38.7256        42.8500       0.335607    
 1    1329.04        225.083        205.900        45.9841        47.5500       0.335607    
 1    1329.04        211.486        191.150        52.3868        52.0500       0.335607    
 1    1362.16        307.701        294.200        20.4942        27.1000       0.386086    
 1    1362.16        287.432        272.700        25.2238        32.7000       0.386086    
 1    1362.16        267.879        251.500        30.6698        34.3000       0.386086    
 1    1362.16        249.083        230.800        36.8724        38.5000       0.386086    
 1    1362.16        234.614        214.500        42.4021        42.1000       0.386086    
