 1    1382.20        346.099        314.800        29.8600        35.5000       0.355869    
 1    1382.20        326.614        294.100        35.1630        39.3000       0.355869    
 1    1382.20        307.742        272.950        41.0784        43.3500       0.355869    
 1    1382.20        289.505        252.550        47.6301        47.8500       0.355869    
 1    1382.20        275.388        236.550        53.3431        51.8500       0.355869    
 1    1358.59        327.898        302.350        34.7592        40.6000       0.312198    
 1    1358.59        309.015        282.050        40.6525        44.0000       0.312198    
 1    1358.59        290.769        261.500        47.1828        49.4000       0.312198    
 1    1358.59        273.180        241.950        54.3700        54.2000       0.312198    
 1    1358.59        259.593        225.850        60.6036        58.6000       0.312198    
 1    1368.71        335.257        310.400        32.2850        40.7000       0.348336    
 1    1368.71        316.085        289.550        37.8962        42.0000       0.348336    
 1    1368.71        297.541        269.100        44.1351        48.5000       0.348336    
 1    1368.71        279.647        249.000        51.0237        50.2500       0.348336    
 1    1368.71        265.812        233.250        57.0147        57.5500       0.348336    
 1    1387.57        351.330        324.600        29.5305        34.3500       0.329281    
 1    1387.57        331.784        301.400        34.7683        37.7500       0.329281    
 1    1387.57        312.843        280.500        40.6109        44.0000       0.329281    
 1    1387.57        294.531        260.000        47.0822        49.0000       0.329281    
 1    1387.57        280.347        243.900        52.7254        49.3000       0.329281    
 1    1370.26        336.103        308.550        31.6654        39.6500       0.356853    
 1    1370.26        316.865        287.750        37.2125        42.0000       0.356853    
 1    1370.26        298.254        267.250        43.3865        44.9500       0.356853    
 1    1370.26        280.293        247.250        50.2101        50.0000       0.356853    
 1    1370.26        266.404        231.500        56.1493        57.1500       0.356853    
 1    1369.57        336.691        307.450        32.6377        38.8500       0.350990    
 1    1369.57        317.549        286.650        38.2731        42.9500       0.350990    
 1    1369.57        299.032        266.250        44.5339        47.3500       0.350990    
 1    1369.57        281.162        246.150        51.4415        52.2500       0.350990    
 1    1369.57        267.343        230.400        57.4453        56.6000       0.350990    
 1    1390.78        354.685        322.850        29.4825        34.5500       0.344792    
 1    1390.78        335.118        301.650        34.6954        38.2500       0.344792    
 1    1390.78        316.152        280.750        40.5084        42.2500       0.344792    
 1    1390.78        297.809        260.250        46.9450        46.0000       0.344792    
 1    1390.78        283.598        244.150        52.5569        50.4500       0.344792    
 1    1385.14        349.138        317.450        29.7292        35.6000       0.363043    
 1    1385.14        329.629        296.200        35.0021        39.3500       0.363043    
 1    1385.14        310.727        275.650        40.8833        44.0500       0.363043    
 1    1385.14        292.457        255.150        47.3963        48.1000       0.363043    
 1    1385.14        278.310        239.300        53.0752        52.4000       0.363043    
 1    1376.92        342.306        315.000        31.0265        36.2500       0.341174    
 1    1376.92        322.970        291.500        36.4713        40.8000       0.341174    
 1    1376.92        304.252        270.800        42.5340        44.8000       0.341174    
 1    1376.92        286.175        250.550        49.2375        49.6000       0.341174    
 1    1376.92        272.187        234.650        55.0745        53.0000       0.341174    
 1    1378.53        342.007        314.650        29.5144        34.9000       0.326583    
 1    1378.53        322.517        293.550        34.8137        38.7000       0.326583    
 1    1378.53        303.645        272.750        40.7321        42.8500       0.326583    
 1    1378.53        285.417        252.400        47.2940        47.2500       0.326583    
 1    1378.53        271.312        236.400        53.0209        51.2000       0.326583    
 1    1366.94        332.115        305.350        31.1716        37.7000       0.348007    
 1    1366.94        312.856        284.550        36.7016        41.7500       0.348007    
 1    1366.94        294.231        264.000        42.8655        46.1500       0.348007    
 1    1366.94        276.263        243.900        49.6865        50.8500       0.348007    
 1    1366.94        262.375        228.150        55.6295        55.0500       0.348007    
 1    1371.97        335.961        310.050        30.0809        35.5000       0.319998    
 1    1371.97        316.567        289.050        35.4780        39.3500       0.319998    
 1    1371.97        297.801        268.300        41.5034        43.8000       0.319998    
 1    1371.97        279.688        248.000        48.1815        48.1500       0.319998    
 1    1371.97        265.681        232.100        54.0077        52.1500       0.319998    
 1    1390.69        350.797        322.500        26.5357        31.2000       0.321357    
 1    1390.69        330.938        301.150        31.4759        34.6000       0.321357    
 1    1390.69        311.685        279.950        37.0221        38.4000       0.321357    
 1    1390.69        293.065        259.250        43.2014        43.1000       0.321357    
 1    1390.69        278.641        243.000        48.6166        46.2500       0.321357    
 1    1399.98        356.464        330.050        23.5201        28.6500       0.328452    
 1    1399.98        336.231        308.350        28.1001        31.8500       0.328452    
 1    1399.98        316.593        287.050        33.2756        35.4500       0.328452    
 1    1399.98        297.582        266.050        39.0773        39.3500       0.328452    
 1    1399.98        282.842        249.550        44.1877        42.7500       0.328452    
 1    1403.36        360.833        331.650        24.1441        28.6500       0.329146    
 1    1403.36        340.653        309.850        28.7685        31.8500       0.329146    
 1    1403.36        321.062        288.450        33.9826        35.3500       0.329146    
 1    1403.36        302.091        267.450        39.8159        39.3000       0.329146    
 1    1403.36        287.377        249.900        44.9457        42.6500       0.329146    
 1    1397.91        355.599        326.550        24.4493        29.0500       0.327473    
 1    1397.91        335.481        304.950        29.1381        32.0000       0.327473    
 1    1397.91        315.960        283.650        34.4246        35.9500       0.327473    
 1    1397.91        297.067        262.650        40.3384        39.8500       0.327473    
 1    1397.91        282.422        246.250        45.5384        43.3500       0.327473    
 1    1405.82        362.138        332.400        23.1796        27.7000       0.332955    
 1    1405.82        341.840        310.700        27.6903        30.8500       0.332955    
 1    1405.82        322.128        289.250        32.7880        34.3000       0.332955    
 1    1405.82        303.034        268.150        38.5031        38.1000       0.332955    
 1    1405.82        288.222        251.550        43.5379        41.4500       0.332955    
 1    1402.31        358.881        329.550        23.4483        27.9500       0.329582    
 1    1402.31        338.631        307.850        28.0080        31.0000       0.329582    
 1    1402.31        318.973        286.450        33.1597        34.6500       0.329582    
 1    1402.31        299.937        265.400        38.9339        38.5500       0.329582    
 1    1402.31        285.175        248.900        44.0196        41.9500       0.329582    
 1    1391.57        350.204        319.450        25.3047        29.5500       0.338247    
 1    1391.57        330.214        297.950        30.1200        33.0000       0.338247    
 1    1391.57        310.832        276.750        35.5418        36.6000       0.338247    
 1    1391.57        292.084        255.950        41.5991        40.7000       0.338247    
 1    1391.57        277.560        239.600        46.9194        44.2500       0.338247    
 1    1369.10        330.049        301.550        27.7370        34.0000       0.349488    
 1    1369.10        310.445        280.450        32.9408        35.7000       0.349488    
 1    1369.10        291.480        259.700        38.7839        39.7000       0.349488    
 1    1369.10        273.182        239.250        45.2936        46.4000       0.349488    
 1    1369.10        259.040        223.350        50.9973        50.4000       0.349488    
 1    1369.58        329.885        301.850        27.2190        32.6000       0.346038    
 1    1369.58        310.226        280.700        32.3703        36.0000       0.346038    
 1    1369.58        291.206        259.900        38.1611        40.4500       0.346038    
 1    1369.58        272.854        239.500        44.6198        44.9500       0.346038    
 1    1369.58        258.670        223.550        50.2838        48.9000       0.346038    
 1    1363.72        325.865        296.950        28.7934        34.0500       0.351896    
 1    1363.72        306.403        275.950        34.1360        37.6500       0.351896    
 1    1363.72        287.587        255.250        40.1247        42.1500       0.351896    
 1    1363.72        269.444        235.050        46.7858        48.5000       0.351896    
 1    1363.72        255.429        219.150        52.6140        50.8500       0.351896    
 1    1354.58        317.582        291.200        29.7376        36.0500       0.364336    
 1    1354.58        298.274        270.400        35.2366        41.0000       0.364336    
 1    1354.58        279.626        249.950        41.3953        44.6000       0.364336    
 1    1354.58        261.664        229.900        48.2398        49.4500       0.364336    
 1    1354.58        247.803        214.300        54.2238        53.7000       0.364336    
 1    1357.99        320.149        295.200        28.9677        34.4000       0.328059    
 1    1357.99        300.743        274.250        34.3701        38.3500       0.328059    
 1    1357.99        281.993        253.600        40.4284        42.6000       0.328059    
 1    1357.99        263.926        233.400        47.1692        47.3000       0.328059    
 1    1357.99        249.978        217.600        53.0685        51.4000       0.328059    
 1    1353.39        316.497        289.900        29.8254        34.0000       0.334071    
 1    1353.39        297.208        269.100        35.3421        40.0000       0.334071    
 1    1353.39        278.580        248.650        41.5206        44.3000       0.334071    
 1    1353.39        260.640        228.650        48.3867        49.1500       0.334071    
 1    1353.39        246.798        213.050        54.3892        53.4500       0.334071    
 1    1338.35        304.833        279.200        32.9324        38.0000       0.336089    
 1    1338.35        285.946        258.800        38.8451        44.1000       0.336089    
 1    1338.35        267.738        238.700        45.4372        48.9500       0.336089    
 1    1338.35        250.233        223.100        52.7320        54.2000       0.336089    
 1    1338.35        236.748        203.850        59.0862        58.8000       0.336089    
 1    1330.66        298.165        275.650        33.9831        39.0000       0.324920    
 1    1330.66        279.432        255.400        40.0513        46.6500       0.324920    
 1    1330.66        261.390        235.600        46.8099        47.4500       0.324920    
 1    1330.66        244.061        216.200        54.2812        57.2000       0.324920    
 1    1330.66        230.723        201.100        60.7834        62.0500       0.324920    
 1    1324.80        298.796        272.050        39.2173        41.0000       0.340646    
 1    1324.80        280.557        252.000        45.7502        49.2500       0.340646    
 1    1324.80        262.999        232.300        52.9632        54.4000       0.340646    
 1    1324.80        246.137        213.100        60.8732        55.0000       0.340646    
 1    1324.80        233.158        198.100        67.7116        65.0500       0.340646    
 1    1304.86        279.074        257.200        40.1551        45.3300       0.346960    
 1    1304.86        261.082        237.600        46.9514        53.0000       0.346960    
 1    1304.86        243.805        217.950        54.4629        61.1500       0.346960    
 1    1304.86        227.261        199.700        62.7067        67.3000       0.346960    
 1    1304.86        214.561        184.750        69.8370        72.7000       0.346960    
 1    1295.22        271.468        250.050        42.1213        49.0000       0.371015    
 1    1295.22        253.720        231.150        49.1600        55.0000       0.371015    
 1    1295.22        236.698        211.800        56.9245        65.6000       0.371015    
 1    1295.22        220.416        193.250        65.4300        72.1000       0.371015    
 1    1295.22        207.932        178.950        72.7750        77.6500       0.371015    
 1    1315.99        289.243        264.950        38.9398        49.4700       0.391897    
 1    1315.99        271.057        245.000        45.5361        51.0000       0.391897    
 1    1315.99        253.569        225.350        52.8307        58.1000       0.391897    
 1    1315.99        236.797        206.300        60.8412        63.9000       0.391897    
 1    1315.99        223.904        191.450        67.7739        68.9500       0.391897    
 1    1316.63        288.931        266.000        38.1537        44.0000       0.326581    
 1    1316.63        270.676        250.550        44.6847        49.0000       0.326581    
 1    1316.63        253.122        231.050        51.9162        56.5000       0.326581    
 1    1316.63        236.286        207.150        59.8668        64.2000       0.326581    
 1    1316.63        223.344        192.350        66.7542        69.3000       0.326581    
 1    1318.86        291.428        267.600        38.2653        48.0000       0.383423    
 1    1318.86        273.164        247.650        44.7838        51.4000       0.383423    
 1    1318.86        255.596        228.000        51.9979        56.7000       0.383423    
 1    1318.86        238.741        208.900        59.9258        62.5000       0.383423    
 1    1318.86        225.780        193.900        66.7913        67.5000       0.383423    
 1    1320.68        293.172        269.400        38.1142        48.0000       0.368528    
 1    1320.68        274.881        249.300        44.6041        49.7000       0.368528    
 1    1320.68        257.283        229.700        51.7868        54.8000       0.368528    
 1    1320.68        240.396        210.550        59.6804        60.4000       0.368528    
 1    1320.68        227.407        195.550        66.5164        65.3000       0.368528    
 1    1317.82        292.814        266.150        40.1626        46.8000       0.350189    
 1    1317.82        274.714        246.200        46.8328        50.0000       0.350189    
 1    1317.82        257.303        227.500        54.1922        57.3000       0.350189    
 1    1317.82        240.597        208.550        62.2572        62.6500       0.350189    
 1    1317.82        227.749        193.750        69.2252        67.7000       0.350189    
