            1         0.720126748417
            2         0.182715239874
            3         0.106687370238
            4         0.450880501964
            5         0.656538553948
            6        -0.976233795634
            7       9.800155515549E-03
            8       1.527960790493E-03
            9         0.437280349908
           10       3.628621800900E-02
           11        -0.809374081521
           12          2.50648441415
            1         0.720086258242
            2         0.182715229424
            3         0.106688118669
            4         0.450885117696
            5         0.656542726549
            6        -0.976233311638
            7       9.800159604415E-03
            8       1.895892008470E-03
            9         0.437281671497
           10       3.628629869471E-02
           11        -0.809374146777
           12          2.50671077159
            1         0.719975677070
            2         0.182716267489
            3         0.106690030508
            4         0.450895832501
            5         0.656551897257
            6        -0.976232173685
            7       9.800177545822E-03
            8       2.167603615345E-03
            9         0.437282239530
           10       3.628654317229E-02
           11        -0.809374393773
           12          2.50574722950
            1         0.719983894632
            2         0.182715926245
            3         0.106689920028
            4         0.450895494430
            5         0.656551757694
            6        -0.976232212668
            7       9.800175781988E-03
            8       2.043946600141E-03
            9         0.437282053281
           10       3.628647064247E-02
           11        -0.809374376175
           12          2.50598393015
            1         0.719999886781
            2         0.182715893089
            3         0.106689613332
            4         0.450893799125
            5         0.656550215065
            6        -0.976232397809
            7       9.800171524290E-03
            8       2.287699327284E-03
            9         0.437282803530
           10       3.628654528368E-02
           11        -0.809374312487
           12          2.50580272899
            1         0.719954976581
            2         0.182716683725
            3         0.106690360110
            4         0.450897371636
            5         0.656553093070
            6        -0.976231998187
            7       9.800185978862E-03
            8       2.152071466410E-03
            9         0.437282222990
           10       3.628667971782E-02
           11        -0.809374512092
           12          2.50501040466
            1         0.720022397602
            2         0.182716026147
            3         0.106689183405
            4         0.450891013774
            5         0.656547636181
            6        -0.976232688194
            7       9.800169184269E-03
            8       2.428862415070E-03
            9         0.437283021845
           10       3.628660129224E-02
           11        -0.809374271521
           12          2.50549113980
            1         0.719957382726
            2         0.182716281970
            3         0.106690402627
            4         0.450897743338
            5         0.656553675789
            6        -0.976231956625
            7       9.800184344578E-03
            8       2.225484857248E-03
            9         0.437282723640
           10       3.628653760086E-02
           11        -0.809374498927
           12          2.50626412809
            1         0.720038308361
            2         0.182715963118
            3         0.106688884599
            4         0.450889354793
            5         0.656546146854
            6        -0.976232867077
            7       9.800164417406E-03
            8       3.337525780706E-03
            9         0.437285996964
           10       3.628682474986E-02
           11        -0.809374204865
           12          2.50571976792
            1         0.720064745694
            2         0.182716143689
            3         0.106688378347
            4         0.450886026739
            5         0.656543059511
            6        -0.976233213020
            7       9.800165544970E-03
            8       2.156537018372E-03
            9         0.437282414682
           10       3.628657485739E-02
           11        -0.809374214661
           12          2.50542889919
            1         0.720122109264
            2         0.182716099107
            3         0.106687288748
            4         0.450879719092
            5         0.656537322966
            6        -0.976233889211
            7       9.800154003359E-03
            8       2.593326916640E-03
            9         0.437283768657
           10       3.628671054304E-02
           11        -0.809374042267
           12          2.50528871172
            1         0.720195265255
            2         0.182716287909
            3         0.106685906504
            4         0.450871126824
            5         0.656529453753
            6        -0.976234793524
            7       9.800143491871E-03
            8       2.236893195371E-03
            9         0.437282705874
           10       3.628669841779E-02
           11        -0.809373873948
           12          2.50446436427
            1         0.720267989196
            2         0.182715302228
            3         0.106684701718
            4         0.450864607159
            5         0.656524066628
            6        -0.976235489833
            7       9.800135861474E-03
            8       2.178166427489E-03
            9         0.437282620145
           10       3.628649645584E-02
           11        -0.809373774739
           12          2.50540917086
            1         0.720276014480
            2         0.182715578495
            3         0.106684523291
            4         0.450863198561
            5         0.656522666008
            6        -0.976235632720
            7       9.800134006155E-03
            8       1.810731509247E-03
            9         0.437281368488
           10       3.628647551419E-02
           11        -0.809373735520
           12          2.50428954718
            1         0.720380825955
            2         0.182715524525
            3         0.106682572129
            4         0.450851524429
            5         0.656512103040
            6        -0.976236870830
            7       9.800121491054E-03
            8       2.053539856952E-03
            9         0.437281897325
           10       3.628653684476E-02
           11        -0.809373547033
           12          2.50441413162
            1         0.720423479227
            2         0.182715678326
            3         0.106681765484
            4         0.450846430211
            5         0.656507423716
            6        -0.976237403649
            7       9.800116468950E-03
            8       2.002523581231E-03
            9         0.437281608966
           10       3.628653895917E-02
           11        -0.809373469175
           12          2.50431691094
            1         0.720436510358
            2         0.182715723972
            3         0.106681526142
            4         0.450844848880
            5         0.656505983905
            6        -0.976237566286
            7       9.800116089461E-03
            8       2.059321579555E-03
            9         0.437281652900
           10       3.628655294216E-02
           11        -0.809373462077
           12          2.50433730829
            1         0.720308871096
            2         0.182716587095
            3         0.106683783083
            4         0.450857691951
            5         0.656517184984
            6        -0.976236199363
            7       9.800126261841E-03
            8       2.087998631027E-03
            9         0.437281336268
           10       3.628670458986E-02
           11        -0.809373601235
           12          2.50298477912
            1         0.720225217377
            2         0.182716689142
            3         0.106685431631
            4         0.450866533059
            5         0.656525321134
            6        -0.976235219485
            7       9.800152831771E-03
            8       2.743592765870E-03
            9         0.437283417774
           10       3.628677706017E-02
           11        -0.809374003991
           12          2.50463631233
            1         0.720248017207
            2         0.182716202844
            3         0.106685006447
            4         0.450865023450
            5         0.656524087159
            6        -0.976235410806
            7       9.800144297354E-03
            8       2.010147386754E-03
            9         0.437281280774
           10       3.628657744722E-02
           11        -0.809373885964
           12          2.50454744115
            1         0.720212289829
            2         0.182716067996
            3         0.106685716027
            4         0.450869159817
            5         0.656527947724
            6        -0.976234962437
            7       9.800150971363E-03
            8       1.972011512452E-03
            9         0.437281160469
           10       3.628652228997E-02
           11        -0.809373990952
           12          2.50494933354
            1         0.720196546466
            2         0.182715930133
            3         0.106685999369
            4         0.450871246718
            5         0.656529863755
            6        -0.976234752780
            7       9.800149010602E-03
            8       2.246791404825E-03
            9         0.437281851031
           10       3.628658138863E-02
           11        -0.809373966071
           12          2.50497168628
            1         0.720163308690
            2         0.182715745802
            3         0.106686661657
            4         0.450875223710
            5         0.656533591730
            6        -0.976234325745
            7       9.800152351854E-03
            8       2.554274172697E-03
            9         0.437282629047
           10       3.628659719793E-02
           11        -0.809374022298
           12          2.50535039627
            1         0.720063752661
            2         0.182715803752
            3         0.106688581382
            4         0.450886027933
            5         0.656543478669
            6        -0.976233150123
            7       9.800163698918E-03
            8       2.234580151287E-03
            9         0.437281636811
           10       3.628648134879E-02
           11        -0.809374196758
           12          2.50609097646
            1         0.720001137064
            2         0.182716280677
            3         0.106689633556
            4         0.450892348283
            5         0.656548891555
            6        -0.976232493142
            7       9.800160801135E-03
            8       2.386892903550E-03
            9         0.437281810438
           10       3.628668462319E-02
           11        -0.809374145728
           12          2.50502891891
            1         0.719862419251
            2         0.182716311097
            3         0.106692233251
            4         0.450907844425
            5         0.656562946559
            6        -0.976230845287
            7       9.800176946539E-03
            8       2.861504976901E-03
            9         0.437283110305
           10       3.628674257801E-02
           11        -0.809374399151
           12          2.50601661492
            1         0.719830919770
            2         0.182716105492
            3         0.106692814227
            4         0.450911893789
            5         0.656566660815
            6        -0.976230434135
            7       9.800176224224E-03
            8       2.763682392651E-03
            9         0.437282923461
           10       3.628667027432E-02
           11        -0.809374396060
           12          2.50638423084
            1         0.719677556453
            2         0.182716492526
            3         0.106695785500
            4         0.450927910548
            5         0.656581231460
            6        -0.976228672890
            7       9.800204714068E-03
            8       2.872138551056E-03
            9         0.437283340817
           10       3.628667428682E-02
           11        -0.809374822848
           12          2.50703746095
            1         0.719708525510
            2         0.182716170126
            3         0.106695142400
            4         0.450925413348
            5         0.656578948792
            6        -0.976228985534
            7       9.800193173419E-03
            8       3.159501918183E-03
            9         0.437284236313
           10       3.628670802215E-02
           11        -0.809374658257
           12          2.50707978916
            1         0.719738165017
            2         0.182716110021
            3         0.106694554292
            4         0.450922360590
            5         0.656576140008
            6        -0.976229327652
            7       9.800189705708E-03
            8       3.458489061630E-03
            9         0.437285034534
           10       3.628677222992E-02
           11        -0.809374606088
           12          2.50693425158
            1         0.719684335520
            2         0.182716562262
            3         0.106695651252
            4         0.450927051611
            5         0.656580403368
            6        -0.976228764012
            7       9.800209123766E-03
            8       3.504691446042E-03
            9         0.437285039795
           10       3.628680904038E-02
           11        -0.809374888769
           12          2.50701819718
            1         0.719775448844
            2         0.182716430271
            3         0.106693866215
            4         0.450917409806
            5         0.656571569499
            6        -0.976229827074
            7       9.800195407431E-03
            8       3.695101659370E-03
            9         0.437285517017
           10       3.628688439137E-02
           11        -0.809374680111
           12          2.50642646852
            1         0.719695844781
            2         0.182716704846
            3         0.106695454488
            4         0.450925360471
            5         0.656578852169
            6        -0.976228925635
            7       9.800212932842E-03
            8       3.766784557039E-03
            9         0.437285645184
           10       3.628688734788E-02
           11        -0.809374941328
           12          2.50684621983
            1         0.719750620603
            2         0.182716538822
            3         0.106694356227
            4         0.450919867052
            5         0.656573805936
            6        -0.976229550305
            7       9.800200000845E-03
            8       4.734075524331E-03
            9         0.437288080605
           10       3.628710232321E-02
           11        -0.809374746673
           12          2.50640450691
            1         0.719613678339
            2         0.182716750053
            3         0.106697113762
            4         0.450933988956
            5         0.656586850384
            6        -0.976227955746
            7       9.800222780762E-03
            8       3.777084927710E-03
            9         0.437285630207
           10       3.628685986529E-02
           11        -0.809375094009
           12          2.50741763674
            1         0.719603358249
            2         0.182716539926
            3         0.106697299470
            4         0.450935652969
            5         0.656588408492
            6        -0.976227796696
            7       9.800217580883E-03
            8       3.920525313737E-03
            9         0.437285949386
           10       3.628684567177E-02
           11        -0.809375022542
           12          2.50765664633
            1         0.719673517523
            2         0.182716228284
            3         0.106695838625
            4         0.450929073798
            5         0.656582308534
            6        -0.976228579009
            7       9.800198901484E-03
            8       4.311628211582E-03
            9         0.437286859545
           10       3.628691077128E-02
           11        -0.809374744271
           12          2.50723227754
            1         0.719639015825
            2         0.182716340408
            3         0.106696592757
            4         0.450932209405
            5         0.656585275716
            6        -0.976228189841
            7       9.800207985151E-03
            8       4.156235271501E-03
            9         0.437286768821
           10       3.628692651244E-02
           11        -0.809374880530
           12          2.50745041197
            1         0.719683969866
            2         0.182716392681
            3         0.106695743805
            4         0.450927047581
            5         0.656580567432
            6        -0.976228735131
            7       9.800205519570E-03
            8       4.068626952216E-03
            9         0.437286472890
           10       3.628692176719E-02
           11        -0.809374840440
           12          2.50730560797
            1         0.719704632035
            2         0.182716488226
            3         0.106695410187
            4         0.450924262576
            5         0.656578091435
            6        -0.976228999105
            7       9.800207628431E-03
            8       3.889940288086E-03
            9         0.437285857221
           10       3.628691001552E-02
           11        -0.809374870238
           12          2.50708362093
            1         0.719870867164
            2         0.182716282430
            3         0.106692201296
            4         0.450906424635
            5         0.656561822378
            6        -0.976230944498
            7       9.800186467508E-03
            8       3.995522043933E-03
            9         0.437286011772
           10       3.628697691154E-02
           11        -0.809374543128
           12          2.50595138792
            1         0.719869213631
            2         0.182716692706
            3         0.106692392000
            4         0.450905050630
            5         0.656560694046
            6        -0.976230994747
            7       9.800200910433E-03
            8       3.813510978123E-03
            9         0.437285241898
           10       3.628695029240E-02
           11        -0.809374750671
           12          2.50583846921
            1         0.719940165820
            2         0.182716711383
            3         0.106690983541
            4         0.450897402379
            5         0.656553637150
            6        -0.976231841310
            7       9.800194841502E-03
            8       3.585570694781E-03
            9         0.437284367803
           10       3.628688764825E-02
           11        -0.809374652455
           12          2.50541427237
            1         0.719981872941
            2         0.182716603724
            3         0.106690090793
            4         0.450893440645
            5         0.656549901288
            6        -0.976232319107
            7       9.800185964162E-03
            8       4.206513678216E-03
            9         0.437285937964
           10       3.628702788341E-02
           11        -0.809374518071
           12          2.50501775270
            1         0.720003363190
            2         0.182716659527
            3         0.106689658255
            4         0.450891037916
            5         0.656547652563
            6        -0.976232583498
            7       9.800183476713E-03
            8       5.113032062942E-03
            9         0.437288250017
           10       3.628723048572E-02
           11        -0.809374478826
           12          2.50485166786
            1         0.720028416057
            2         0.182715874832
            3         0.106689335347
            4         0.450889492063
            5         0.656546693212
            6        -0.976232741835
            7       9.800177855048E-03
            8       4.032950533143E-03
            9         0.437285823541
           10       3.628681222561E-02
           11        -0.809374411094
           12          2.50606325870
            1         0.720110660677
            2         0.182715943926
            3         0.106687754772
            4         0.450880244091
            5         0.656538214078
            6        -0.976233734511
            7       9.800166224636E-03
            8       6.236697601054E-03
            9         0.437291545538
           10       3.628737554573E-02
           11        -0.809374226393
           12          2.50507299262
            1         0.720175782923
            2         0.182715607887
            3         0.106686664361
            4         0.450873211010
            5         0.656532112588
            6        -0.976234450549
            7       9.800162541905E-03
            8       5.472641479598E-03
            9         0.437289845866
           10       3.628713088783E-02
           11        -0.809374177469
           12          2.50571235256
            1         0.720262167994
            2         0.182715848190
            3         0.106684968520
            4         0.450863322245
            5         0.656522952612
            6        -0.976235521031
            7       9.800155372513E-03
            8       5.311371651923E-03
            9         0.437289246070
           10       3.628714948677E-02
           11        -0.809374059393
           12          2.50507392863
            1         0.720204971989
            2         0.182716411352
            3         0.106686236323
            4         0.450867665858
            5         0.656527013558
            6        -0.976234935015
            7       9.800180050876E-03
            8       6.054876940862E-03
            9         0.437290850098
           10       3.628732255175E-02
           11        -0.809374418266
           12          2.50523865694
            1         0.720310807969
            2         0.182716023950
            3         0.106684091933
            4         0.450857333006
            5         0.656517517615
            6        -0.976236130912
            7       9.800153008171E-03
            8       4.912835186303E-03
            9         0.437287715921
           10       3.628706061497E-02
           11        -0.809374017388
           12          2.50476472216
            1         0.720289570103
            2         0.182716361616
            3         0.106684573508
            4         0.450858619462
            5         0.656518711312
            6        -0.976235935833
            7       9.800165755388E-03
            8       4.622842046528E-03
            9         0.437286852643
           10       3.628702406811E-02
           11        -0.809374199342
           12          2.50473425679
            1         0.720349802512
            2         0.182715941734
            3         0.106683353662
            4         0.450853195304
            5         0.656513788778
            6        -0.976236582484
            7       9.800147668078E-03
            8       4.692595437131E-03
            9         0.437286822742
           10       3.628697955415E-02
           11        -0.809373935893
           12          2.50464074445
            1         0.720369380758
            2         0.182715326458
            3         0.106683027800
            4         0.450852205406
            5         0.656513123202
            6        -0.976236710245
            7       9.800141427431E-03
            8       4.089125477359E-03
            9         0.437285506174
           10       3.628676270613E-02
           11        -0.809373858374
           12          2.50537784042
            1         0.720402064829
            2         0.182715582898
            3         0.106682448401
            4         0.450847827639
            5         0.656509109130
            6        -0.976237142959
            7       9.800140616737E-03
            8       4.044702838622E-03
            9         0.437285435672
           10       3.628681056644E-02
           11        -0.809373838986
           12          2.50513946827
            1         0.720394660481
            2         0.182715607073
            3         0.106682614994
            4         0.450848482073
            5         0.656509732885
            6        -0.976237059369
            7       9.800142608341E-03
            8       3.805426888002E-03
            9         0.437284829015
           10       3.628676185558E-02
           11        -0.809373869067
           12          2.50516077429
            1         0.720422442892
            2         0.182715523413
            3         0.106682017707
            4         0.450845882337
            5         0.656507290350
            6        -0.976237376431
            7       9.800134553142E-03
            8       3.962545586094E-03
            9         0.437285108115
           10       3.628679367882E-02
           11        -0.809373747682
           12          2.50490057335
            1         0.720290230733
            2         0.182716199063
            3         0.106684856189
            4         0.450857694242
            5         0.656518320374
            6        -0.976235915072
            7       9.800176036366E-03
            8       3.841218018560E-03
            9         0.437284910288
           10       3.628678096588E-02
           11        -0.809374359632
           12          2.50561663643
            1         0.720412296065
            2         0.182715585357
            3         0.106682244764
            4         0.450846729811
            5         0.656508090257
            6        -0.976237265732
            7       9.800137324411E-03
            8       4.270824982024E-03
            9         0.437285719589
           10       3.628684423794E-02
           11        -0.809373788285
           12          2.50494764640
            1         0.720375843651
            2         0.182715986183
            3         0.106682996418
            4         0.450849675373
            5         0.656510754174
            6        -0.976236898112
            7       9.800153644231E-03
            8       3.900405343590E-03
            9         0.437284838900
           10       3.628678593664E-02
           11        -0.809374021563
           12          2.50495621554
