           1  0.357075566643133     
           2  0.627044220484031     
           3  0.159612087552396     
           4  1.188170051267565E-002
           5   9.08215196838414     
           6 -0.277523096976147     
           7  0.191576946141869     
           8  7.380701729679191E-003
           9  1.288767408215201E-003
          10   4.85137913581872     
          11 -0.903415967716359     
          12   1.12468467201500     
           1  0.474911366668324     
           2  0.783647281377219     
           3  0.250920645928043     
           4  9.610237605373108E-003
           5   8.54318396532992     
           6 -0.419236998388654     
           7  0.206106514093386     
           8  7.595631991771607E-003
           9  1.390755363221839E-003
          10   4.07201114837208     
          11 -0.904676874364301     
          12  0.968620123494603     
           1  0.490602614778621     
           2  0.781460938324138     
           3  0.264146696640346     
           4  9.494570543448596E-003
           5   8.62564339379701     
           6 -0.399988870461657     
           7  0.206083703530022     
           8  7.566144955977868E-003
           9  1.386352268975525E-003
          10   4.08723407101990     
          11 -0.904640375920046     
          12  0.955417304102373     
           1  0.505764041949695     
           2  0.772050871485090     
           3  0.271180253528098     
           4  9.472238214492902E-003
           5   8.69769968351327     
           6 -0.363461042362402     
           7  0.205736870045511     
           8  7.510206960642800E-003
           9  1.376114177985675E-003
          10   4.14015514100791     
          11 -0.904571333632674     
          12  0.947932529051910     
           1  0.469871202574540     
           2  0.812686627924903     
           3  0.280312945963315     
           4  9.536621635555921E-003
           5   8.15366714575112     
           6 -0.435101854969265     
           7  0.207119453372069     
           8  7.735376542473743E-003
           9  1.418249928634260E-003
          10   3.92753930733063     
          11 -0.904797983953666     
          12  0.970272982570459     
           1  0.449597462330922     
           2  0.843965016367659     
           3  0.285513875329046     
           4  9.563777701486538E-003
           5   7.80979548177034     
           6 -0.477193464144185     
           7  0.207956798015925     
           8  7.864889845327629E-003
           9  1.441312249195557E-003
          10   3.81361035867043     
          11 -0.904930855879194     
          12  0.981530000908477     
           1  0.446557435645803     
           2  0.849997611181918     
           3  0.284222819894019     
           4  9.566917971040425E-003
           5   7.79388671939644     
           6 -0.487107558663241     
           7  0.208093167892012     
           8  7.878303521086892E-003
           9  1.444995200858308E-003
          10   3.79805457808510     
          11 -0.904952425214220     
          12  0.982464378371089     
           1  0.446608177544719     
           2  0.852679440776179     
           3  0.275325783989972     
           4  9.528550346743324E-003
           5   7.93762576903216     
           6 -0.503038814448508     
           7  0.208149212134455     
           8  7.862995184263363E-003
           9  1.443376427674886E-003
          10   3.80359656027856     
          11 -0.904961007919556     
          12  0.978530778967201     
           1  0.448630738184465     
           2  0.844799504102678     
           3  0.265829549338719     
           4  9.535546335627499E-003
           5   8.06624826436460     
           6 -0.500596276178161     
           7  0.207952847525338     
           8  7.830969079254332E-003
           9  1.438272476653494E-003
          10   3.82977940588894     
          11 -0.904935865137286     
          12  0.977199669572494     
           1  0.449111855551995     
           2  0.843697986006832     
           3  0.265997622774203     
           4  9.535422832234399E-003
           5   8.07076965986619     
           6 -0.499459258331421     
           7  0.207929979392383     
           8  7.828550810497079E-003
           9  1.437606489681512E-003
          10   3.83276325805892     
          11 -0.904932528087030     
          12  0.977071973363736     
           1  0.443961496082288     
           2  0.858449470375536     
           3  0.261993119547093     
           4  9.488033122671264E-003
           5   8.06809108359404     
           6 -0.525285369299278     
           7  0.208312474063544     
           8  7.864261128148125E-003
           9  1.443422462750803E-003
          10   3.79807837662092     
          11 -0.904987297672729     
          12  0.975522478212606     
           1  0.443814391488601     
           2  0.858833951428395     
           3  0.261993967983625     
           4  9.484030812626271E-003
           5   8.06597283210543     
           6 -0.525849906638290     
           7  0.208323590498366     
           8  7.865672685405644E-003
           9  1.443286956904675E-003
          10   3.79766065602926     
          11 -0.904988837195473     
          12  0.975372338618709     
           1  0.453158295667135     
           2  0.837154992934317     
           3  0.264953698232840     
           4  9.523538222120700E-003
           5   8.15236900653450     
           6 -0.493681218307494     
           7  0.207762036211006     
           8  7.800587968573592E-003
           9  1.432655331917451E-003
          10   3.85603315047969     
          11 -0.904906485626581     
          12  0.974459002741536     
           1  0.458046256967216     
           2  0.823467707700703     
           3  0.261910404285517     
           4  9.579282910390114E-003
           5   8.24860623522134     
           6 -0.473785724129824     
           7  0.207363598085014     
           8  7.750389748412688E-003
           9  1.426871395306048E-003
          10   3.89638112106905     
          11 -0.904851149974256     
          12  0.975149463958875     
           1  0.469494534130149     
           2  0.798624142199284     
           3  0.256969937629839     
           4  9.662853054205852E-003
           5   8.44705733510829     
           6 -0.436902658300627     
           7  0.206551071427276     
           8  7.641527553540373E-003
           9  1.411041544219051E-003
          10   3.99218542078511     
          11 -0.904736816807686     
          12  0.973389171513519     
           1  0.474054900598808     
           2  0.774821177635132     
           3  0.242282332483766     
           4  9.791934203647245E-003
           5   8.67004905471680     
           6 -0.406014784922211     
           7  0.205621152007181     
           8  7.536167542800887E-003
           9  1.394317035624104E-003
          10   4.09656207043296     
          11 -0.904618701094488     
          12  0.975245455751367     
           1  0.372498235861164     
           2  0.823493226951027     
           3  0.169786981448981     
           4  1.016842717481415E-002
           5   8.27682177593598     
           6 -0.534806375020505     
           7  0.208005240944655     
           8  7.984788108898156E-003
           9  1.465546867621561E-003
          10   3.72377425030300     
          11 -0.905171941810021     
          12   1.04509204437187     
           1  0.323847658185895     
           2  0.933789125842445     
           3  5.178967300251621E-002
           4  1.084225034646188E-002
           5   10.6964740610745     
           6 -0.821978543534517     
           7  0.196058865003122     
           8  9.748403580312705E-003
           9  1.636745964839946E-003
          10   3.02310822709365     
          11 -0.905918215322861     
          12   1.43752245925810     
           1  0.313599869827368     
           2  0.898313334218075     
           3  5.052255175885381E-002
           4  1.149113970600679E-002
           5   10.9712738440488     
           6 -0.817122232752399     
           7  0.182148888833656     
           8  9.255149307462993E-003
           9  1.572709504014043E-003
          10   3.47544829002909     
          11 -0.904758729564239     
          12   1.51978561701788     
           1  0.330123374824505     
           2  0.941505363784852     
           3  4.308303153291650E-002
           4  1.057492052753056E-002
           5   11.1004012324584     
           6 -0.848558561433460     
           7  0.198826557787171     
           8  9.924359438032066E-003
           9  1.634443671338006E-003
          10   2.98158912383293     
          11 -0.906213282539078     
          12   1.42792896305138     
           1  0.321256958566792     
           2  0.955086604873649     
           3  3.779951082970612E-002
           4  1.071154444270463E-002
           5   11.1737164757140     
           6 -0.866189563935870     
           7  0.199988097272253     
           8  1.046283431013825E-002
           9  1.671094738053577E-003
          10   2.79588690488352     
          11 -0.906591926895553     
          12   1.50987207055102     
           1  0.316822667577163     
           2  0.595601377102615     
           3  0.145338534753541     
           4  1.299907358540816E-002
           5   9.58841118314216     
           6 -0.376761283550571     
           7  0.176931936636182     
           8  7.673996843156896E-003
           9  1.289464880087356E-003
          10   5.11010216260050     
          11 -0.901656929083293     
          12   1.24430471865957     
           1  0.520073899801149     
           2  0.673412680833828     
           3  0.203883572856147     
           4  9.819607530068412E-003
           5   9.78128347036118     
           6 -0.174912561561739     
           7  0.199543704312554     
           8  6.967811504891040E-003
           9  1.248012321881901E-003
          10   4.90082577111161     
          11 -0.903715221574084     
          12  0.927484387834520     
           1  0.440725947377780     
           2  0.804189191241694     
           3  0.229350109174197     
           4  9.710095360216843E-003
           5   8.39445795984090     
           6 -0.486130238896822     
           7  0.206709832206445     
           8  7.763294294314733E-003
           9  1.417012590140675E-003
          10   3.93889415639098     
          11 -0.904808920089005     
          12  0.992435042600021     
           1  0.441919453464902     
           2  0.839171453468596     
           3  0.240460661649812     
           4  9.549807627583057E-003
           5   8.30298761500004     
           6 -0.528434926320170     
           7  0.207830210253281     
           8  7.831757436301023E-003
           9  1.434965532802278E-003
          10   3.84132043537636     
          11 -0.904938250559910     
          12  0.981271406114759     
           1  0.448213515856510     
           2  0.843861908192835     
           3  0.254923073105952     
           4  9.507632448750721E-003
           5   8.19629884673706     
           6 -0.520570450130606     
           7  0.207962631253858     
           8  7.835251993190989E-003
           9  1.437152459266517E-003
          10   3.82892075303697     
          11 -0.904940261472598     
          12  0.976014605460322     
           1  0.453923989734865     
           2  0.836189041461701     
           3  0.272098198775349     
           4  9.543097839244861E-003
           5   7.98909334071058     
           6 -0.486554140362414     
           7  0.207767819758595     
           8  7.840545171451614E-003
           9  1.436399468355029E-003
          10   3.83379692891673     
          11 -0.904902969253879     
          12  0.978233838172486     
           1  0.461778450609176     
           2  0.830492689456678     
           3  0.286806612208506     
           4  9.539455997302567E-003
           5   7.90226281496210     
           6 -0.461554168627970     
           7  0.207664921593897     
           8  7.834028914386960E-003
           9  1.434841063128751E-003
          10   3.84067829521329     
          11 -0.904877558527830     
          12  0.976757047127932     
           1  0.452855728291192     
           2  0.844854909007945     
           3  0.295130422927504     
           4  9.570447732816498E-003
           5   7.66950915457127     
           6 -0.474886935818041     
           7  0.208090028777915     
           8  7.900770073807975E-003
           9  1.445830455671816E-003
          10   3.78852783123560     
          11 -0.904947582139964     
          12  0.984028570681790     
           1  0.445033851174470     
           2  0.853122850037770     
           3  0.307144421810935     
           4  9.637222032317519E-003
           5   7.35075802729801     
           6 -0.471922739354982     
           7  0.208329452888250     
           8  7.964715324756727E-003
           9  1.454600629945787E-003
          10   3.74819467477089     
          11 -0.904991712798952     
          12  0.994108173892310     
           1  1.096178716417653E-003
           2  0.805321138570891     
           3  0.233931977359860     
           4  9.516034108009126E-003
           5   8.55830375329635     
           6 -0.526455244621922     
           7  0.207806917040483     
           8  7.890051434036423E-003
           9  1.440687492469886E-003
          10   3.81530963941527     
          11 -0.904919509045484     
          12  0.990945165822500     
           1  2.192709577710694E-003
           2  0.844803261346156     
           3  0.234357718982844     
           4  9.490670863657808E-003
           5   8.26019757746919     
           6 -0.556293159003744     
           7  0.208254309219709     
           8  7.923649568427249E-003
           9  1.448727544220399E-003
          10   3.77457709771885     
          11 -0.904981791570306     
          12  0.987971842148283     
           1  2.755028287073798E-003
           2  0.854312780037018     
           3  0.233334548174424     
           4  9.469571694018339E-003
           5   8.24968125452350     
           6 -0.562237652920938     
           7  0.208351865229775     
           8  7.923744017799429E-003
           9  1.450043674279030E-003
          10   3.76829518618643     
          11 -0.904994313895180     
          12  0.985724365162865     
           1  2.960232143291884E-003
           2  0.846937424084600     
           3  0.238520729438498     
           4  9.532207139457797E-003
           5   8.14316805328610     
           6 -0.559092415984688     
           7  0.208267121299101     
           8  7.935297506254194E-003
           9  1.450971158692376E-003
          10   3.76651509507127     
          11 -0.904984290804962     
          12  0.990690050867478     
           1  2.247032670463631E-003
           2  0.856190153459837     
           3  0.231370360996355     
           4  9.449766586588628E-003
           5   8.30127567504341     
           6 -0.562705641061640     
           7  0.208370190763735     
           8  7.917648883204877E-003
           9  1.449676465096272E-003
          10   3.76984325439233     
          11 -0.904996171378326     
          12  0.984017335253320     
           1  9.686676688024243E-004
           2  0.851486376692276     
           3  0.229107676463731     
           4  9.476742350232895E-003
           5   8.29581304941230     
           6 -0.559911051040305     
           7  0.208320756463034     
           8  7.919278422818849E-003
           9  1.449326977604362E-003
          10   3.77215627907889     
          11 -0.904991420859914     
          12  0.986078616816917     
           1  2.105829749054023E-004
           2  0.846980491787108     
           3  0.228593054114899     
           4  9.517777329130284E-003
           5   8.26552047296549     
           6 -0.557545672002327     
           7  0.208265397462013     
           8  7.923325547589939E-003
           9  1.449746395432534E-003
          10   3.77245382603740     
          11 -0.904985702833789     
          12  0.988888404385686     
           1  3.257003604301265E-004
           2  0.852572885920856     
           3  0.224481946545972     
           4  9.456440917641248E-003
           5   8.37284292022811     
           6 -0.559405153142926     
           7  0.208327619967017     
           8  7.911834296830124E-003
           9  1.448731607277273E-003
          10   3.77475825725546     
          11 -0.904991902393015     
          12  0.984117096547668     
           1  7.688516223959295E-004
           2  0.841620196501583     
           3  0.231677820993512     
           4  9.508552864377753E-003
           5   8.28831598858773     
           6 -0.553953537087921     
           7  0.208209464665267     
           8  7.920882085755414E-003
           9  1.448491958199265E-003
          10   3.77730018854698     
          11 -0.904976808034899     
          12  0.988952182648413     
           1  3.285264124066128E-003
           2  0.841452559071230     
           3  0.240663270016599     
           4  9.529620122729985E-003
           5   8.14675850651573     
           6 -0.555342934435837     
           7  0.208208591085466     
           8  7.936629274687690E-003
           9  1.449948181026614E-003
          10   3.77024302804375     
          11 -0.904975394663619     
          12  0.991262162832993     
           1  5.670855461624462E-003
           2  0.846088943564651     
           3  0.241606961764091     
           4  9.524999727110338E-003
           5   8.10821005303757     
           6 -0.558871778208944     
           7  0.208270056235131     
           8  7.940717447317187E-003
           9  1.450966424848244E-003
          10   3.76500408019828     
          11 -0.904983728907730     
          12  0.990659303788189     
           1  7.569061185110285E-003
           2  0.795376424667389     
           3  0.253269757325385     
           4  9.604195233440135E-003
           5   8.23221960341115     
           6 -0.520807003090601     
           7  0.207699612282117     
           8  7.928292127571785E-003
           9  1.444215509676632E-003
          10   3.79997270542077     
          11 -0.904900754775987     
          12  0.998929757091721     
           1  8.344263387207874E-003
           2  0.837661719899107     
           3  0.245556777842076     
           4  9.566357301976721E-003
           5   8.07491210864797     
           6 -0.553906505402127     
           7  0.208180596356974     
           8  7.944536886713567E-003
           9  1.451415001263272E-003
          10   3.76566958767609     
          11 -0.904971245233780     
          12  0.993594343357882     
           1  8.276360469765431E-003
           2  0.796540326458496     
           3  0.251968951532965     
           4  9.674976180055337E-003
           5   8.25194920359218     
           6 -0.521164318913476     
           7  0.207650867503747     
           8  7.922421170096153E-003
           9  1.447933122331739E-003
          10   3.79419207816505     
          11 -0.904893075546856     
          12   1.00075148226701     
           1  7.619921094042762E-003
           2  0.803986283600936     
           3  0.250599832214519     
           4  9.675187274260161E-003
           5   8.21732638747586     
           6 -0.527444438075186     
           7  0.207734589798624     
           8  7.926574333674266E-003
           9  1.449467841263926E-003
          10   3.78754115835969     
          11 -0.904905749378444     
          12   1.00028256459443     
           1  5.710749736140767E-003
           2  0.844282627409401     
           3  0.238753605646533     
           4  9.535448574810122E-003
           5   8.16755339040674     
           6 -0.556916442117722     
           7  0.208232308626058     
           8  7.933770707189680E-003
           9  1.451070263569629E-003
          10   3.76722138253922     
          11 -0.904978161101582     
          12  0.990471618828861     
           1  3.120844300932840E-003
           2  0.850983293305113     
           3  0.232442832094066     
           4  9.492292191914657E-003
           5   8.23847974553201     
           6 -0.560130810824567     
           7  0.208306606412066     
           8  7.925936157781087E-003
           9  1.450162532739320E-003
          10   3.76856913249481     
          11 -0.904988716329155     
          12  0.987272953224130     
           1  1.423115150197078E-003
           2  0.858474428972376     
           3  0.229234718436208     
           4  9.442909917843178E-003
           5   8.26978335700192     
           6 -0.564173635703126     
           7  0.208396209634869     
           8  7.922036205959975E-003
           9  1.449320691827425E-003
          10   3.76826836041411     
          11 -0.905000745669133     
          12  0.984133325434779     
           1  7.935499716034428E-004
           2  0.861507480521729     
           3  0.232015622482416     
           4  9.462571028923209E-003
           5   8.18780818833917     
           6 -0.566740681528410     
           7  0.208413746551652     
           8  7.930482014736890E-003
           9  1.450674279674581E-003
          10   3.76297412691652     
          11 -0.905003329959220     
          12  0.985532793838554     
           1  0.436510802305804     
           2  0.859430079739572     
           3  0.314402075049419     
           4  9.695401346773866E-003
           5   7.08304152244484     
           6 -0.468480816614230     
           7  0.208462748367891     
           8  8.014032005224466E-003
           9  1.460342141375665E-003
          10   3.72072542152632     
          11 -0.905019477947112     
          12   1.00293220978198     
           1  0.440736676830655     
           2  0.856201878975081     
           3  0.308776895329150     
           4  9.667230636719456E-003
           5   7.24732950866999     
           6 -0.471108377251699     
           7  0.208378618917855     
           8  7.983409992152399E-003
           9  1.457286096233003E-003
          10   3.73659341422052     
          11 -0.905002598584271     
          12  0.998028595443105     
           1  0.445594518270341     
           2  0.850583778022447     
           3  0.304841567028540     
           4  9.648282351627019E-003
           5   7.40475274329347     
           6 -0.466222177330094     
           7  0.208215373343494     
           8  7.947060700645367E-003
           9  1.453460016392728E-003
          10   3.75810086188292     
          11 -0.904972592442168     
          12  0.993208559455710     
           1  0.456391772732945     
           2  0.837944507485287     
           3  0.296066059476288     
           4  9.638264037528760E-003
           5   7.68946917282051     
           6 -0.454641509423501     
           7  0.207836719108824     
           8  7.875239578088873E-003
           9  1.446302834841979E-003
          10   3.80126252810743     
          11 -0.904906280537502     
          12  0.985579985235246     
           1  0.445973333077059     
           2  0.855423986007438     
           3  0.286457061251142     
           4  9.568681619114150E-003
           5   7.71628633137583     
           6 -0.499945720551800     
           7  0.208309174926874     
           8  7.911972652499535E-003
           9  1.449980138814779E-003
          10   3.77122258462332     
          11 -0.904985941712325     
          12  0.984720833743226     
           1  0.440072336689770     
           2  0.862410145261535     
           3  0.267306056856356     
           4  9.546991442715135E-003
           5   7.86780145984355     
           6 -0.529155712797594     
           7  0.208471666618169     
           8  7.915752723835261E-003
           9  1.450919148353629E-003
          10   3.76438886868435     
          11 -0.905017094110765     
          12  0.983928894351302     
           1  0.441919823736878     
           2  0.860404272647415     
           3  0.261987540079930     
           4  9.526835391220952E-003
           5   7.97318154088714     
           6 -0.536551774807797     
           7  0.208434009088182     
           8  7.901712594882667E-003
           9  1.448794163456901E-003
          10   3.77314425580855     
          11 -0.905011705400628     
          12  0.981630552844322     
           1  0.444444020066285     
           2  0.855923457710965     
           3  0.259318385688277     
           4  9.517322442955922E-003
           5   8.04294654131206     
           6 -0.536424183352512     
           7  0.208319605627037     
           8  7.886474974572077E-003
           9  1.446068191433450E-003
          10   3.78540511629938     
          11 -0.904993934663097     
          12  0.979931879303078     
           1  0.442588649573883     
           2  0.860090947383999     
           3  0.258627830274924     
           4  9.514029379627479E-003
           5   8.02507715676103     
           6 -0.543905293784131     
           7  0.208444859084065     
           8  7.899716096542131E-003
           9  1.448232811868266E-003
          10   3.77438142281278     
          11 -0.905013941986768     
          12  0.980654712991535     
           1  0.444253172027141     
           2  0.859369988940680     
           3  0.255689329920619     
           4  9.499156336105085E-003
           5   8.10191635660640     
           6 -0.549690090935971     
           7  0.208434816988782     
           8  7.888310655001906E-003
           9  1.447326529985171E-003
          10   3.77904794943886     
          11 -0.905011634208853     
          12  0.978534734556710     
           1  0.452040049026703     
           2  0.835318933203365     
           3  0.248516922440422     
           4  9.539328041128819E-003
           5   8.34210473294939     
           6 -0.529446912495578     
           7  0.207687694456133     
           8  7.813776672633360E-003
           9  1.437107667309648E-003
          10   3.83881758375262     
          11 -0.904901384805375     
          12  0.976821181596369     
