           1  2.247891941956051E-002
           2  0.832033574248376     
           3  0.417745394541683     
           4  9.702090376018983E-003
           5   6.75736181294756     
           6 -5.969077981967880E-002
           7  0.208365282722996     
           8  7.942121476386203E-003
           9  1.454205929091445E-003
          10   3.74780155967654     
          11 -0.904991796307345     
          12  0.976696908320500     
           1  2.247662884826558E-002
           2  0.832280193517804     
           3  0.421599484755053     
           4  9.710481337860415E-003
           5   6.70535132915830     
           6 -6.322605132442272E-002
           7  0.208367910092017     
           8  7.942981911844416E-003
           9  1.454279717542690E-003
          10   3.74744461197452     
          11 -0.904992493757930     
          12  0.977464867247181     
           1  2.247381795924980E-002
           2  0.832593554355828     
           3  0.426219007535734     
           4  9.720822955648193E-003
           5   6.64206537848224     
           6 -6.744587501982612E-002
           7  0.208371672111712     
           8  7.943985371177974E-003
           9  1.454362529545532E-003
          10   3.74704523994663     
          11 -0.904993430472149     
          12  0.978403439838966     
           1  2.247239883690243E-002
           2  0.832658260241682     
           3  0.428774763993913     
           4  9.726886470258834E-003
           5   6.60702203142015     
           6 -6.940831682660842E-002
           7  0.208372898174518     
           8  7.944450126705064E-003
           9  1.454402828310462E-003
          10   3.74686719719564     
          11 -0.904993802165958     
          12  0.978932366559247     
           1  2.247095073909328E-002
           2  0.832895472836239     
           3  0.430900066342297     
           4  9.731554686058510E-003
           5   6.57794383424771     
           6 -7.166908523251707E-002
           7  0.208375466726547     
           8  7.944887563128481E-003
           9  1.454440174329399E-003
          10   3.74667873292092     
          11 -0.904994379969647     
          12  0.979360270296737     
           1  2.246909534692682E-002
           2  0.833138440744015     
           3  0.433781911736891     
           4  9.737955972404951E-003
           5   6.53876900736575     
           6 -7.444893439104897E-002
           7  0.208378426387250     
           8  7.945319432056093E-003
           9  1.454473880505867E-003
          10   3.74650565458641     
          11 -0.904995071250882     
          12  0.979939101954547     
           1  2.246912597122662E-002
           2  0.833041291516679     
           3  0.433997040127875     
           4  9.738829414373946E-003
           5   6.53589641077781     
           6 -7.424933397321033E-002
           7  0.208377459233532     
           8  7.945408179921412E-003
           9  1.454488864889916E-003
          10   3.74646425942375     
          11 -0.904994915361077     
          12  0.979991741567741     
           1  2.246972492641953E-002
           2  0.832821590210261     
           3  0.433528595247292     
           4  9.737907372458532E-003
           5   6.54288295141379     
           6 -7.310084000807235E-002
           7  0.208375457217496     
           8  7.945169809561852E-003
           9  1.454466037795796E-003
          10   3.74658994558979     
          11 -0.904994527093912     
          12  0.979891955584767     
           1  2.247033696040049E-002
           2  0.832801033775546     
           3  0.432385514883707     
           4  9.735344217630108E-003
           5   6.55796701728947     
           6 -7.227332514774458E-002
           7  0.208375358712477     
           8  7.944770640486442E-003
           9  1.454424498623159E-003
          10   3.74676756649320     
          11 -0.904994446717253     
          12  0.979669807117661     
           1  2.247072856902855E-002
           2  0.832985839923506     
           3  0.431052388963241     
           4  9.732490182797142E-003
           5   6.57495009910774     
           6 -7.205062076795575E-002
           7  0.208376790748646     
           8  7.944548633944981E-003
           9  1.454405588958862E-003
          10   3.74683695211667     
          11 -0.904994629824355     
          12  0.979421477441378     
           1  2.247103095004372E-002
           2  0.833059631928194     
           3  0.430209839339452     
           4  9.730509027072235E-003
           5   6.58583871789020     
           6 -7.178464732306365E-002
           7  0.208377528799286     
           8  7.944322045110294E-003
           9  1.454381226457713E-003
          10   3.74693001327242     
          11 -0.904994717133378     
          12  0.979259097293448     
           1  2.247212904219292E-002
           2  0.833259493571342     
           3  0.427425618128496     
           4  9.724156832279212E-003
           5   6.62191362818663     
           6 -7.064712415969047E-002
           7  0.208378969157793     
           8  7.943944233057731E-003
           9  1.454346260143523E-003
          10   3.74705914316206     
          11 -0.904994815434415     
          12  0.978720513780501     
           1  2.247394102971729E-002
           2  0.833292189745835     
           3  0.423801740517981     
           4  9.716059700185227E-003
           5   6.67129419856605     
           6 -6.835350350482858E-002
           7  0.208378189441788     
           8  7.943344462379277E-003
           9  1.454304608007227E-003
          10   3.74725271722399     
          11 -0.904994471798757     
          12  0.977990156319783     
           1  2.247713176247479E-002
           2  0.833167695603279     
           3  0.417968567279382     
           4  9.702602638820154E-003
           5   6.75266632323833     
           6 -6.395837043506336E-002
           7  0.208375180046674     
           8  7.942345053647725E-003
           9  1.454235526965894E-003
          10   3.74758712871255     
          11 -0.904993590728075     
          12  0.976773554526925     
           1  2.247963433556287E-002
           2  0.833021767363388     
           3  0.413513265548713     
           4  9.692011295528791E-003
           5   6.81530259210587     
           6 -6.033967952288106E-002
           7  0.208372900076186     
           8  7.941302281055886E-003
           9  1.454147030304113E-003
          10   3.74799274236640     
          11 -0.904992907347675     
          12  0.975827152012856     
           1  2.248147147903441E-002
           2  0.832956038050981     
           3  0.410136224113090     
           4  9.683744704274962E-003
           5   6.86332780454255     
           6 -5.770199480441050E-002
           7  0.208371600602212     
           8  7.940444761125277E-003
           9  1.454071913185541E-003
          10   3.74832903611250     
          11 -0.904992455637260     
          12  0.975094048721704     
           1  2.248366332966912E-002
           2  0.832908603404976     
           3  0.405954101612292     
           4  9.673368949824597E-003
           5   6.92187929427914     
           6 -5.451038871524275E-002
           7  0.208370921981957     
           8  7.939345621503332E-003
           9  1.453967020238666E-003
          10   3.74878037887212     
          11 -0.904992052149836     
          12  0.974193877897836     
           1  2.248526576275726E-002
           2  0.832895469117559     
           3  0.402841340964100     
           4  9.665406058623391E-003
           5   6.96580861424265     
           6 -5.216570592798739E-002
           7  0.208370786115230     
           8  7.938448675456174E-003
           9  1.453878329209945E-003
          10   3.74915391395477     
          11 -0.904991806749140     
          12  0.973511227581287     
           1  2.248591328834109E-002
           2  0.832990436709422     
           3  0.401328562819666     
           4  9.661105294107889E-003
           5   6.98793269047481     
           6 -5.137473946541313E-002
           7  0.208371641742340     
           8  7.937944194336475E-003
           9  1.453825658956366E-003
          10   3.74936114136833     
          11 -0.904991845367271     
          12  0.973157873327414     
           1  2.248547921016245E-002
           2  0.833222951116216     
           3  0.401571678234157     
           4  9.661025404388009E-003
           5   6.98544802634188     
           6 -5.238113725627159E-002
           7  0.208373991721026     
           8  7.937780163858054E-003
           9  1.453801574421990E-003
          10   3.74943038791597     
          11 -0.904992274685315     
          12  0.973183308842635     
           1  2.248525413203040E-002
           2  0.833594963408066     
           3  0.401002442782604     
           4  9.658796008054041E-003
           5   6.99409766766949     
           6 -5.330148579866962E-002
           7  0.208377629326206     
           8  7.937510592773082E-003
           9  1.453766997108380E-003
          10   3.74952815774161     
          11 -0.904992876355320     
          12  0.973034441359505     
           1  2.248458074225856E-002
           2  0.833862499841076     
           3  0.401594493914885     
           4  9.659638468569142E-003
           5   6.98605210668174     
           6 -5.472280737106801E-002
           7  0.208380467567995     
           8  7.937498187590384E-003
           9  1.453755987209476E-003
          10   3.74953380669608     
          11 -0.904993420670084     
          12  0.973146880258103     
           1  2.248274499159844E-002
           2  0.834783456135562     
           3  0.402412020159878     
           4  9.660456806908503E-003
           5   6.97187447552726     
           6 -5.853041038586929E-002
           7  0.208394814006321     
           8  7.935309738196224E-003
           9  1.453471951393386E-003
          10   3.75059001274176     
          11 -0.904996016896864     
          12  0.973363349845367     
           1  2.248150682697687E-002
           2  0.835448569451959     
           3  0.402922537508793     
           4  9.661306610982507E-003
           5   6.96265582912116     
           6 -6.133088024939549E-002
           7  0.208401811988419     
           8  7.935454625388243E-003
           9  1.453473132329666E-003
          10   3.75050205207709     
          11 -0.904997302648401     
          12  0.973499243650042     
           1  2.248055028517872E-002
           2  0.835906235417878     
           3  0.403472492309087     
           4  9.662380837058636E-003
           5   6.95358017040821     
           6 -6.345807440920417E-002
           7  0.208406730403007     
           8  7.935444554984109E-003
           9  1.453462828537875E-003
          10   3.75048759447117     
          11 -0.904998227236033     
          12  0.973636216827694     
           1  2.247962010955529E-002
           2  0.836068456053024     
           3  0.404761685397626     
           4  9.665295026204229E-003
           5   6.93489008742200     
           6 -6.511266228641495E-002
           7  0.208408689371178     
           8  7.935675066965782E-003
           9  1.453478475374255E-003
          10   3.75038720679364     
          11 -0.904998678741078     
          12  0.973919857650399     
           1  2.247829648299350E-002
           2  0.836309904193370     
           3  0.406566351227398     
           4  9.669676006386576E-003
           5   6.90820601628244     
           6 -6.743686185612709E-002
           7  0.208411505556119     
           8  7.936015688807847E-003
           9  1.453505310315153E-003
          10   3.75023246664226     
          11 -0.904999321013590     
          12  0.974330220473077     
           1  2.247697718684272E-002
           2  0.836530734008116     
           3  0.408402200278433     
           4  9.673896026564620E-003
           5   6.88152212818917     
           6 -6.972607957586059E-002
           7  0.208413907722759     
           8  7.936579644144966E-003
           9  1.453555591833165E-003
          10   3.74997507609429     
          11 -0.904999888792894     
          12  0.974733339540298     
           1  2.247574566462312E-002
           2  0.836475718402316     
           3  0.410956205300134     
           4  9.679716196649380E-003
           5   6.84678741217123     
           6 -7.151536981228443E-002
           7  0.208413519203016     
           8  7.936830682504618E-003
           9  1.453580726927576E-003
          10   3.74984911427017     
          11 -0.904999997347212     
          12  0.975255162184431     
           1  2.247297551029854E-002
           2  0.836469064852159     
           3  0.416187910239041     
           4  9.692401699503637E-003
           5   6.77361107082049     
           6 -7.542498457433081E-002
           7  0.208414706845103     
           8  7.937287843521320E-003
           9  1.453620517850991E-003
          10   3.74964932935483     
          11 -0.905000572639143     
          12  0.976373321365225     
           1  2.246961798531809E-002
           2  0.836695119949316     
           3  0.421690726948989     
           4  9.705761120042677E-003
           5   6.69520719661759     
           6 -8.028878059833516E-002
           7  0.208418552126386     
           8  7.938178679842072E-003
           9  1.453694241607910E-003
          10   3.74928735935385     
          11 -0.905001635942955     
          12  0.977566937999568     
           1  2.246812384592066E-002
           2  0.836753570782805     
           3  0.424253129485027     
           4  9.712064365643298E-003
           5   6.65921408816309     
           6 -8.238624205555563E-002
           7  0.208419896495073     
           8  7.938364082707901E-003
           9  1.453710418196163E-003
          10   3.74920156607839     
          11 -0.905002051554660     
          12  0.978117182971479     
           1  2.246602087620705E-002
           2  0.836754816337899     
           3  0.428080216613036     
           4  9.721270881929761E-003
           5   6.60650564318664     
           6 -8.511097839873663E-002
           7  0.208421081178189     
           8  7.938772390654259E-003
           9  1.453743276965339E-003
          10   3.74905305968996     
          11 -0.905002512143265     
          12  0.978917179569518     
           1  2.246498583861476E-002
           2  0.836791623943806     
           3  0.429852376258965     
           4  9.725674032925557E-003
           5   6.58199430581817     
           6 -8.648743911406548E-002
           7  0.208421895401920     
           8  7.938997545496715E-003
           9  1.453763276403140E-003
          10   3.74896616817262     
          11 -0.905002772479258     
          12  0.979292030723738     
           1  2.246489999760743E-002
           2  0.836754004623426     
           3  0.430131998888411     
           4  9.726424085994436E-003
           5   6.57813314253676     
           6 -8.647701961968544E-002
           7  0.208421303911201     
           8  7.939342170824261E-003
           9  1.453796250502618E-003
          10   3.74883981890857     
          11 -0.905002678104130     
          12  0.979349301942709     
           1  2.246527490422858E-002
           2  0.836773888858063     
           3  0.429369318270511     
           4  9.724666977816860E-003
           5   6.58786323067546     
           6 -8.594760490667616E-002
           7  0.208421095246627     
           8  7.939688096844366E-003
           9  1.453825980473561E-003
          10   3.74872329433551     
          11 -0.905002588652220     
          12  0.979199870390307     
           1  2.246635143298076E-002
           2  0.836788922876207     
           3  0.427317293197254     
           4  9.720098376514191E-003
           5   6.61514832487458     
           6 -8.453852264163300E-002
           7  0.208420627489985     
           8  7.939621004074061E-003
           9  1.453823437106354E-003
          10   3.74874586680052     
          11 -0.905002377577225     
          12  0.978793815056066     
           1  2.246590998517694E-002
           2  0.836806710293457     
           3  0.428067230816921     
           4  9.721745333310728E-003
           5   6.60507580628560     
           6 -8.514803943302354E-002
           7  0.208421078175497     
           8  7.939717946251557E-003
           9  1.453829537975938E-003
          10   3.74871418501451     
          11 -0.905002506416078     
          12  0.978943818350230     
           1  2.246608550808176E-002
           2  0.836924638505029     
           3  0.427345026745894     
           4  9.719895702436279E-003
           5   6.61449310587306     
           6 -8.516350737739527E-002
           7  0.208422371329539     
           8  7.939510956256958E-003
           9  1.453807385005722E-003
          10   3.74878855650629     
          11 -0.905002701912115     
          12  0.978801507925692     
           1  2.246525743373077E-002
           2  0.837047574803316     
           3  0.428387059137777     
           4  9.721925894731252E-003
           5   6.60072247645254     
           6 -8.662837694409835E-002
           7  0.208424490403724     
           8  7.939176131094124E-003
           9  1.453775023887350E-003
          10   3.74888276492803     
          11 -0.905003170300768     
          12  0.979009235679358     
           1  2.246443015716520E-002
           2  0.837561315229469     
           3  0.428098167047727     
           4  9.720345560002355E-003
           5   6.60395570573357     
           6 -8.865681811687345E-002
           7  0.208435293677944     
           8  7.935312719098699E-003
           9  1.453361000997344E-003
          10   3.75050156352711     
          11 -0.905005134050317     
          12  0.978979661670690     
           1  2.246406366067538E-002
           2  0.837881638110756     
           3  0.427671062708010     
           4  9.719093347396780E-003
           5   6.60886011435830     
           6 -8.983732418638131E-002
           7  0.208439302681861     
           8  7.934751236458558E-003
           9  1.453304759833896E-003
          10   3.75068134595795     
          11 -0.905005858220943     
          12  0.978911658704359     
           1  2.246563923936663E-002
           2  0.838194814499196     
           3  0.423881822418588     
           4  9.710669879573284E-003
           5   6.66020273352294     
           6 -8.846872314134384E-002
           7  0.208440948926141     
           8  7.934530267851170E-003
           9  1.453300483333920E-003
          10   3.75069862786092     
          11 -0.905005934010515     
          12  0.978156866209047     
           1  2.246713625667861E-002
           2  0.838488031626499     
           3  0.420292776275487     
           4  9.702063918750023E-003
           5   6.70891788613174     
           6 -8.703790922073192E-002
           7  0.208442859268053     
           8  7.934408979851674E-003
           9  1.453292894044462E-003
          10   3.75071221245893     
          11 -0.905006049811718     
          12  0.977421097873316     
           1  2.246813246528589E-002
           2  0.838469636641753     
           3  0.418541755959109     
           4  9.697834657381957E-003
           5   6.73337217476874     
           6 -8.564525967166850E-002
           7  0.208441824848901     
           8  7.934627404363924E-003
           9  1.453318737316999E-003
          10   3.75061157847640     
          11 -0.905005740940736     
          12  0.977046437614883     
           1  2.247025464173522E-002
           2  0.838681436813972     
           3  0.414183364618695     
           4  9.686911534445704E-003
           5   6.79400373258358     
           6 -8.305142017664754E-002
           7  0.208442867403324     
           8  7.934216065349383E-003
           9  1.453276198302432E-003
          10   3.75079118049081     
          11 -0.905005609925062     
          12  0.976111448898200     
           1  2.247120404461609E-002
           2  0.838757769869723     
           3  0.412180088053720     
           4  9.681669416787017E-003
           5   6.82052931564802     
           6 -8.167403807891038E-002
           7  0.208443374021594     
           8  7.934590830218101E-003
           9  1.453297684444345E-003
          10   3.75069264172778     
          11 -0.905005547252150     
          12  0.975689496308496     
           1  2.247113853580273E-002
           2  0.838667596780006     
           3  0.412582866079222     
           4  9.682315321348793E-003
           5   6.81422376946888     
           6 -8.143958559043125E-002
           7  0.208441870183453     
           8  7.935626895022668E-003
           9  1.453389513208895E-003
          10   3.75031106140844     
          11 -0.905005281107304     
          12  0.975763936511528     
           1  2.247063096667264E-002
           2  0.838047226952843     
           3  0.415476713499928     
           4  9.690781774270437E-003
           5   6.77403056029922     
           6 -8.113330261601402E-002
           7  0.208430686201315     
           8  7.939245128819711E-003
           9  1.453789245957171E-003
          10   3.74875181662370     
          11 -0.905003454497952     
          12  0.976373580884466     
           1  2.247094393070977E-002
           2  0.837739506125035     
           3  0.415835923894602     
           4  9.692166735872297E-003
           5   6.76973593216319     
           6 -8.008197415835212E-002
           7  0.208427070125116     
           8  7.939558718443313E-003
           9  1.453829614942691E-003
          10   3.74863553193504     
          11 -0.905002814003894     
          12  0.976444775397982     
           1  2.247289212717671E-002
           2  0.837642001867676     
           3  0.412573398595891     
           4  9.684374623387558E-003
           5   6.81691030745428     
           6 -7.729201486850371E-002
           7  0.208425222930933     
           8  7.938889778835816E-003
           9  1.453778490505391E-003
          10   3.74888803583114     
          11 -0.905002255780037     
          12  0.975732172843262     
           1  2.247545351125195E-002
           2  0.837066017405148     
           3  0.409584740168777     
           4  9.677823464761150E-003
           5   6.86233369870910     
           6 -7.278703735899353E-002
           7  0.208417511510918     
           8  7.938593673225540E-003
           9  1.453782493836835E-003
          10   3.74899436156675     
          11 -0.905000650891426     
          12  0.975052345280298     
           1  2.247868714526055E-002
           2  0.837093657335213     
           3  0.403567363433293     
           4  9.662245339280093E-003
           5   6.95105883660567     
           6 -6.834224939362439E-002
           7  0.208416151032276     
           8  7.937504019881272E-003
           9  1.453696108042024E-003
          10   3.74938727107127     
          11 -0.904999964437201     
          12  0.973678186405266     
           1  2.248113378172181E-002
           2  0.838295220136294     
           3  0.395482318146573     
           4  9.639255181664363E-003
           5   7.06793908609411     
           6 -6.654378008390342E-002
           7  0.208432888389656     
           8  7.933237280021157E-003
           9  1.453234323666748E-003
          10   3.75116739200484     
          11 -0.905002341824940     
          12  0.971852920495063     
           1  2.248302748044013E-002
           2  0.838699421954789     
           3  0.390900238458069     
           4  9.625615144251488E-003
           5   7.13779239357963     
           6 -6.447307397277117E-002
           7  0.208437967043524     
           8  7.931283373307714E-003
           9  1.453032806002046E-003
          10   3.75195955440118     
          11 -0.905002877104393     
          12  0.970737661905131     
           1  2.248441648543289E-002
           2  0.839481944567756     
           3  0.386163893594647     
           4  9.610490192601332E-003
           5   7.21058552781016     
           6 -6.388175218894263E-002
           7  0.208447855049723     
           8  7.929134645709945E-003
           9  1.452802465764030E-003
          10   3.75279840816128     
          11 -0.905004271939006     
          12  0.969562535034020     
           1  2.248565577008508E-002
           2  0.840148788966339     
           3  0.382165841094501     
           4  9.597508405011749E-003
           5   7.27355407425321     
           6 -6.330375662306276E-002
           7  0.208455481681450     
           8  7.927704160308574E-003
           9  1.452653134112181E-003
          10   3.75332682596126     
          11 -0.905005298241728     
          12  0.968536809349655     
           1  2.248649050133473E-002
           2  0.840631223259710     
           3  0.379507925399807     
           4  9.588541627052947E-003
           5   7.31662172098973     
           6 -6.307011783533603E-002
           7  0.208460661226312     
           8  7.926660590860819E-003
           9  1.452544497811341E-003
          10   3.75371547435464     
          11 -0.905005994803536     
          12  0.967827547089175     
           1  2.248712215316206E-002
           2  0.841098518217718     
           3  0.377293284022343     
           4  9.581049010981000E-003
           5   7.35285465699198     
           6 -6.311955395870976E-002
           7  0.208465706193348     
           8  7.925648214490266E-003
           9  1.452440375325444E-003
          10   3.75409507109035     
          11 -0.905006703831312     
          12  0.967232612216889     
           1  2.248981513864868E-002
           2  0.840534547790558     
           3  0.373889245414484     
           4  9.571191388155655E-003
           5   7.41195574327931     
           6 -5.809967638543118E-002
           7  0.208458048792924     
           8  7.924697135920677E-003
           9  1.452382911385180E-003
          10   3.75444928046879     
          11 -0.905005008101008     
          12  0.966280115355326     
