    25.642    25.200    30.530    30.000    36.083    33.450    42.341    36.400    47.881    39.600
    24.599    24.650    29.316    27.700    34.681    32.000    40.736    35.600    46.103    38.350
    24.599    24.650    29.316    27.700    34.681    32.000    40.736    35.600    46.103    38.350
    25.384    25.800    30.230    29.000    35.736    33.000    41.945    37.000    47.442    40.300
    27.034    25.900    32.148    30.000    37.947    33.100    44.472    37.300    50.238    41.100
    27.329    26.150    32.490    29.100    38.341    34.500    44.921    37.700    50.735    41.350
    28.835    27.750    34.237    31.350    40.349    34.800    47.211    40.150    53.263    44.100
    28.838    26.800    34.240    30.300    40.353    34.300    47.215    38.750    53.268    42.800
    29.795    27.900    35.349    35.000    41.626    36.350    48.664    40.150    54.864    44.500
    26.758    23.450    31.828    27.240    37.578    31.200    44.051    34.350    49.773    37.900
    27.172    23.650    32.308    26.750    38.131    30.550    44.682    34.700    50.470    38.400
    25.873    21.300    30.799    25.850    36.393    27.850    42.696    31.600    48.274    34.850
    24.748    20.450    29.490    23.200    34.881    26.650    40.966    30.000    46.358    33.500
    24.302    19.650    28.969    22.690    34.281    25.550    40.278    30.000    45.595    32.400
    26.001    22.400    30.948    24.390    36.564    29.000    42.892    32.900    48.491    36.400
    27.589    25.500    32.792    29.000    38.688    33.500    45.318    37.200    51.173    41.050
    29.283    28.450    34.756    30.860    40.946    36.500    47.890    41.250    54.011    45.450
    29.343    26.800    34.826    31.050    41.025    34.750    47.981    39.450    54.112    41.900
