    1    1419.04        351.293        344.000    
    1    1419.04        327.651        323.250    
    1    1419.04        304.483        301.750    
    1    1419.04        281.912        280.350    
    1    1419.04        264.397        263.550    
    2    1413.38        345.766        341.900    
    2    1413.38        322.199        321.150    
    2    1413.38        299.144        299.550    
    2    1413.38        276.701        277.450    
    2    1413.38        259.275        260.600    
    3    1398.96        331.820        329.200    
    3    1398.96        308.466        307.700    
    3    1398.96        285.669        286.500    
    3    1398.96        263.544        265.650    
    3    1398.96        246.450        249.300    
    4    1398.08        330.942        326.350    
    4    1398.08        307.598        306.350    
    4    1398.08        284.818        284.800    
    4    1398.08        262.713        264.450    
    4    1398.08        245.631        248.000    
    5    1398.08        330.913        326.350    
    5    1398.08        307.565        306.350    
    5    1398.08        284.782        284.800    
    5    1398.08        262.672        264.450    
    5    1398.08        245.587        248.000    
    6    1382.20        315.659        314.800    
    6    1382.20        292.575        294.100    
    6    1382.20        270.119        272.950    
    6    1382.20        248.412        252.550    
    6    1382.20        231.711        236.550    
    1    1413.38        347.153        341.900    
    1    1413.38        323.957        321.150    
    1    1413.38        301.372        299.550    
    1    1413.38        279.501        277.450    
    1    1413.38        262.602        260.600    
    2    1398.96        333.338        329.200    
    2    1398.96        310.397        307.700    
    2    1398.96        288.118        286.500    
    2    1398.96        266.610        265.650    
    2    1398.96        250.076        249.300    
    3    1398.08        332.462        326.350    
    3    1398.08        309.535        306.350    
    3    1398.08        287.275        284.800    
    3    1398.08        265.790        264.450    
    3    1398.08        249.270        248.000    
    4    1398.08        332.428        326.350    
    4    1398.08        309.496        306.350    
    4    1398.08        287.232        284.800    
    4    1398.08        265.742        264.450    
    4    1398.08        249.219        248.000    
    5    1382.20        317.340        314.800    
    5    1382.20        294.724        294.100    
    5    1382.20        272.839        272.950    
    5    1382.20        251.802        252.550    
    5    1382.20        235.696        236.550    
    6    1358.59        295.192        302.350    
    6    1358.59        273.109        282.050    
    6    1358.59        251.889        261.500    
    6    1358.59        231.631        241.950    
    6    1358.59        216.150        225.850    
    1    1398.96        336.980        329.200    
    1    1398.96        313.465        307.700    
    1    1398.96        290.369        286.500    
    1    1398.96        267.776        265.650    
    1    1398.96        250.172        249.300    
    2    1398.08        336.065        326.350    
    2    1398.08        312.556        306.350    
    2    1398.08        289.471        284.800    
    2    1398.08        266.889        264.450    
    2    1398.08        249.291        248.000    
    3    1398.08        336.005        326.350    
    3    1398.08        312.492        306.350    
    3    1398.08        289.401        284.800    
    3    1398.08        266.813        264.450    
    3    1398.08        249.210        248.000    
    4    1382.20        320.596        314.800    
    4    1382.20        297.278        294.100    
    4    1382.20        274.429        272.950    
    4    1382.20        252.145        252.550    
    4    1382.20        234.840        236.550    
    5    1358.59        297.875        302.350    
    5    1358.59        274.893        282.050    
    5    1358.59        252.489        261.500    
    5    1358.59        230.758        241.950    
    5    1358.59        213.903        225.850    
    6    1368.71        307.510        310.400    
    6    1368.71        284.363        289.550    
    6    1368.71        261.732        269.100    
    6    1368.71        239.742        249.000    
    6    1368.71        222.691        233.250    
    1    1398.08        337.477        326.350    
    1    1398.08        314.397        306.350    
    1    1398.08        291.806        284.800    
    1    1398.08        269.778        264.450    
    1    1398.08        252.658        248.000    
    2    1398.08        337.416        326.350    
    2    1398.08        314.331        306.350    
    2    1398.08        291.734        284.800    
    2    1398.08        269.700        264.450    
    2    1398.08        252.576        248.000    
    3    1382.20        322.191        314.800    
    3    1382.20        299.335        294.100    
    3    1382.20        277.011        272.950    
    3    1382.20        255.309        252.550    
    3    1382.20        238.499        236.550    
    4    1358.59        299.774        302.350    
    4    1358.59        277.303        282.050    
    4    1358.59        255.468        261.500    
    4    1358.59        234.355        241.950    
    4    1358.59        218.016        225.850    
    5    1368.71        309.271        310.400    
    5    1368.71        286.614        289.550    
    5    1368.71        264.535        269.100    
    5    1368.71        243.149        249.000    
    5    1368.71        226.608        233.250    
    6    1387.57        327.130        324.600    
    6    1387.57        304.161        301.400    
    6    1387.57        281.711        280.500    
    6    1387.57        259.894        260.000    
    6    1387.57        242.940        243.900    
    1    1398.08        336.656        326.350    
    1    1398.08        313.988        306.350    
    1    1398.08        291.917        284.800    
    1    1398.08        270.521        264.450    
    1    1398.08        253.986        248.000    
    2    1382.20        321.639        314.800    
    2    1382.20        299.255        294.100    
    2    1382.20        277.515        272.950    
    2    1382.20        256.509        252.550    
    2    1382.20        240.334        236.550    
    3    1358.59        299.578        302.350    
    3    1358.59        277.663        282.050    
    3    1358.59        256.501        261.500    
    3    1358.59        236.170        241.950    
    3    1358.59        220.530        225.850    
    4    1368.71        308.929        310.400    
    4    1368.71        286.792        289.550    
    4    1368.71        265.348        269.100    
    4    1368.71        244.709        249.000    
    4    1368.71        228.842        233.250    
    5    1387.57        326.537        324.600    
    5    1387.57        304.022        301.400    
    5    1387.57        282.138        280.500    
    5    1387.57        261.000        260.000    
    5    1387.57        244.669        243.900    
    6    1370.26        310.263        308.550    
    6    1370.26        288.080        287.750    
    6    1370.26        266.590        267.250    
    6    1370.26        245.908        247.250    
    6    1370.26        229.982        231.500    
    1    1382.20        323.351        314.800    
    1    1382.20        300.480        294.100    
    1    1382.20        278.138        272.950    
    1    1382.20        256.413        252.550    
    1    1382.20        239.583        236.550    
    2    1358.59        300.895        302.350    
    2    1358.59        278.406        282.050    
    2    1358.59        256.549        261.500    
    2    1358.59        235.410        241.950    
    2    1358.59        219.049        225.850    
    3    1368.71        310.397        310.400    
    3    1368.71        287.723        289.550    
    3    1368.71        265.622        269.100    
    3    1368.71        244.211        249.000    
    3    1368.71        227.648        233.250    
    4    1387.57        328.273        324.600    
    4    1387.57        305.287        301.400    
    4    1387.57        282.818        280.500    
    4    1387.57        260.977        260.000    
    4    1387.57        244.002        243.900    
    5    1370.26        311.720        308.550    
    5    1370.26        289.003        287.750    
    5    1370.26        266.860        267.250    
    5    1370.26        245.407        247.250    
    5    1370.26        228.788        231.500    
    6    1369.57        310.994        307.450    
    6    1369.57        288.284        286.650    
    6    1369.57        266.148        266.250    
    6    1369.57        244.701        246.150    
    6    1369.57        228.098        230.400    
    1    1358.59        300.620        302.350    
    1    1358.59        278.357        282.050    
    1    1358.59        256.771        261.500    
    1    1358.59        235.945        241.950    
    1    1358.59        219.862        225.850    
    2    1368.71        310.062        310.400    
    2    1368.71        287.600        289.550    
    2    1368.71        265.757        269.100    
    2    1368.71        244.645        249.000    
    2    1368.71        228.351        233.250    
    3    1387.57        327.833        324.600    
    3    1387.57        305.034        301.400    
    3    1387.57        282.795        280.500    
    3    1387.57        261.229        260.000    
    3    1387.57        244.503        243.900    
    4    1370.26        311.387        308.550    
    4    1370.26        288.881        287.750    
    4    1370.26        266.993        267.250    
    4    1370.26        245.839        247.250    
    4    1370.26        229.488        231.500    
    5    1369.57        310.671        307.450    
    5    1369.57        288.173        286.650    
    5    1369.57        266.294        266.250    
    5    1369.57        245.148        246.150    
    5    1369.57        228.814        230.400    
    6    1390.78        330.684        322.850    
    6    1390.78        307.817        301.650    
    6    1390.78        285.510        280.750    
    6    1390.78        263.862        260.250    
    6    1390.78        247.037        244.150    
    1    1368.71        308.621        310.400    
    1    1368.71        286.080        289.550    
    1    1368.71        264.165        269.100    
    1    1368.71        242.994        249.000    
    1    1368.71        226.664        233.250    
    2    1387.57        326.427        324.600    
    2    1387.57        303.548        301.400    
    2    1387.57        281.233        280.500    
    2    1387.57        259.599        260.000    
    2    1387.57        242.829        243.900    
    3    1370.26        309.963        308.550    
    3    1370.26        287.379        287.750    
    3    1370.26        265.419        267.250    
    3    1370.26        244.206        247.250    
    3    1370.26        227.819        231.500    
    4    1369.57        309.253        307.450    
    4    1369.57        286.678        286.650    
    4    1369.57        264.727        266.250    
    4    1369.57        243.522        246.150    
    4    1369.57        227.153        230.400    
    5    1390.78        329.306        322.850    
    5    1390.78        306.359        301.650    
    5    1390.78        283.976        280.750    
    5    1390.78        262.261        260.250    
    5    1390.78        245.391        244.150    
    6    1385.14        323.885        317.450    
    6    1385.14        301.032        296.200    
    6    1385.14        278.743        275.650    
    6    1385.14        257.131        255.150    
    6    1385.14        240.414        239.300    
    1    1387.57        326.835        324.600    
    1    1387.57        303.864        301.400    
    1    1387.57        281.425        280.500    
    1    1387.57        259.633        260.000    
    1    1387.57        242.712        243.900    
    2    1370.26        310.318        308.550    
    2    1370.26        287.624        287.750    
    2    1370.26        265.522        267.250    
    2    1370.26        244.130        247.250    
    2    1370.26        227.574        231.500    
    3    1369.57        309.603        307.450    
    3    1369.57        286.918        286.650    
    3    1369.57        264.823        266.250    
    3    1369.57        243.439        246.150    
    3    1369.57        226.900        230.400    
    4    1390.78        329.714        322.850    
    4    1390.78        306.678        301.650    
    4    1390.78        284.175        280.750    
    4    1390.78        262.305        260.250    
    4    1390.78        245.285        244.150    
    5    1385.14        324.275        317.450    
    5    1385.14        301.329        296.200    
    5    1385.14        278.913        275.650    
    5    1385.14        257.139        255.150    
    5    1385.14        240.266        239.300    
    6    1376.92        316.372        315.000    
    6    1376.92        293.552        291.500    
    6    1376.92        271.315        270.800    
    6    1376.92        249.738        250.550    
    6    1376.92        233.005        234.650    
    1    1370.26        309.831        308.550    
    1    1370.26        287.323        287.750    
    1    1370.26        265.453        267.250    
    1    1370.26        244.340        247.250    
    1    1370.26        228.039        231.500    
    2    1369.57        309.126        307.450    
    2    1369.57        286.628        286.650    
    2    1369.57        264.767        266.250    
    2    1369.57        243.663        246.150    
    2    1369.57        227.380        230.400    
    3    1390.78        329.135        322.850    
    3    1390.78        306.257        301.650    
    3    1390.78        283.956        280.750    
    3    1390.78        262.334        260.250    
    3    1390.78        245.547        244.150    
    4    1385.14        323.728        317.450    
    4    1385.14        300.948        296.200    
    4    1385.14        278.743        275.650    
    4    1385.14        257.227        255.150    
    4    1385.14        240.593        239.300    
    5    1376.92        315.872        315.000    
    5    1376.92        293.231        291.500    
    5    1376.92        271.217        270.800    
    5    1376.92        249.911        250.550    
    5    1376.92        233.427        234.650    
    6    1378.53        317.339        314.650    
    6    1378.53        294.669        293.550    
    6    1378.53        272.614        272.750    
    6    1378.53        251.254        252.400    
    6    1378.53        234.742        236.400    
    1    1369.57        308.574        307.450    
    1    1369.57        286.245        286.650    
    1    1369.57        264.603        266.250    
    1    1369.57        243.768        246.150    
    1    1369.57        227.737        230.400    
    2    1390.78        328.493        322.850    
    2    1390.78        305.753        301.650    
    2    1390.78        283.637        280.750    
    2    1390.78        262.250        260.250    
    2    1390.78        245.687        244.150    
    3    1385.14        323.115        317.450    
    3    1385.14        300.481        296.200    
    3    1385.14        278.470        275.650    
    3    1385.14        257.199        255.150    
    3    1385.14        240.797        239.300    
    4    1376.92        315.301        315.000    
    4    1376.92        292.818        291.500    
    4    1376.92        271.012        270.800    
    4    1376.92        249.965        250.550    
    4    1376.92        233.724        234.650    
    5    1378.53        316.766        314.650    
    5    1378.53        294.252        293.550    
    5    1378.53        272.403        272.750    
    5    1378.53        251.299        252.400    
    5    1378.53        235.028        236.400    
    6    1366.94        305.855        305.350    
    6    1366.94        283.565        284.550    
    6    1366.94        261.966        264.000    
    6    1366.94        241.167        243.900    
    6    1366.94        225.201        228.150    
    1    1390.78        329.045        322.850    
    1    1390.78        305.967        301.650    
    1    1390.78        283.427        280.750    
    1    1390.78        261.526        260.250    
    1    1390.78        244.489        244.150    
    2    1385.14        323.606        317.450    
    2    1385.14        300.618        296.200    
    2    1385.14        278.166        275.650    
    2    1385.14        256.363        255.150    
    2    1385.14        239.475        239.300    
    3    1376.92        315.699        315.000    
    3    1376.92        292.840        291.500    
    3    1376.92        270.568        270.800    
    3    1376.92        248.965        250.550    
    3    1376.92        232.219        234.650    
    4    1378.53        317.174        314.650    
    4    1378.53        294.288        293.550    
    4    1378.53        271.978        272.750    
    4    1378.53        250.322        252.400    
    4    1378.53        233.548        236.400    
    5    1366.94        306.129        305.350    
    5    1366.94        283.433        284.550    
    5    1366.94        261.337        264.000    
    5    1366.94        239.953        243.900    
    5    1366.94        223.458        228.150    
    6    1371.97        310.837        310.050    
    6    1371.97        288.035        289.050    
    6    1371.97        265.830        268.300    
    6    1371.97        244.339        248.000    
    6    1371.97        227.690        232.100    
    1    1385.14        324.884        317.450    
    1    1385.14        301.832        296.200    
    1    1385.14        279.284        275.650    
    1    1385.14        257.350        255.150    
    1    1385.14        240.329        239.300    
    2    1376.92        316.948        315.000    
    2    1376.92        294.017        291.500    
    2    1376.92        271.639        270.800    
    2    1376.92        249.894        250.550    
    2    1376.92        233.006        234.650    
    3    1378.53        318.419        314.650    
    3    1378.53        295.462        293.550    
    3    1378.53        273.047        272.750    
    3    1378.53        251.250        252.400    
    3    1378.53        234.336        236.400    
    4    1366.94        307.333        305.350    
    4    1366.94        284.554        284.550    
    4    1366.94        262.340        264.000    
    4    1366.94        240.799        243.900    
    4    1366.94        224.151        228.150    
    5    1371.97        312.047        310.050    
    5    1371.97        289.167        289.050    
    5    1371.97        266.850        268.300    
    5    1371.97        245.209        248.000    
    5    1371.97        228.411        232.100    
    6    1390.69        329.877        322.500    
    6    1390.69        306.709        301.150    
    6    1390.69        284.045        279.950    
    6    1390.69        261.985        259.250    
    6    1390.69        244.795        243.000    
    1    1376.92        315.786        315.000    
    1    1376.92        293.104        291.500    
    1    1376.92        271.042        270.800    
    1    1376.92        249.683        250.550    
    1    1376.92        233.153        234.650    
    2    1378.53        317.256        314.650    
    2    1378.53        294.545        293.550    
    2    1378.53        272.443        272.750    
    2    1378.53        251.030        252.400    
    2    1378.53        234.471        236.400    
    3    1366.94        306.272        305.350    
    3    1366.94        283.764        284.550    
    3    1366.94        261.890        264.000    
    3    1366.94        240.760        243.900    
    3    1366.94        224.489        228.150    
    4    1371.97        310.957        310.050    
    4    1371.97        288.337        289.050    
    4    1371.97        266.349        268.300    
    4    1371.97        245.108        248.000    
    4    1371.97        228.679        232.100    
    5    1390.69        328.659        322.500    
    5    1390.69        305.714        301.150    
    5    1390.69        283.339        279.950    
    5    1390.69        261.637        259.250    
    5    1390.69        244.782        243.000    
    6    1399.98        337.480        330.050    
    6    1399.98        314.404        308.350    
    6    1399.98        291.845        287.050    
    6    1399.98        269.898        266.050    
    6    1399.98        252.888        249.550    
    1    1378.53        315.377        314.650    
    1    1378.53        292.601        293.550    
    1    1378.53        270.470        272.750    
    1    1378.53        249.072        252.400    
    1    1378.53        232.565        236.400    
    2    1366.94        304.391        305.350    
    2    1366.94        281.830        284.550    
    2    1366.94        259.943        264.000    
    2    1366.94        238.849        243.900    
    2    1366.94        222.648        228.150    
    3    1371.97        309.089        310.050    
    3    1371.97        286.412        289.050    
    3    1371.97        264.404        268.300    
    3    1371.97        243.190        248.000    
    3    1371.97        226.823        232.100    
    4    1390.69        326.821        322.500    
    4    1390.69        303.802        301.150    
    4    1390.69        281.383        279.950    
    4    1390.69        259.679        259.250    
    4    1390.69        242.858        243.000    
    5    1399.98        335.665        330.050    
    5    1399.98        312.507        308.350    
    5    1399.98        289.895        287.050    
    5    1399.98        267.932        266.050    
    5    1399.98        250.944        249.550    
    6    1403.36        338.872        331.650    
    6    1403.36        315.648        309.850    
    6    1403.36        292.957        288.450    
    6    1403.36        270.923        267.450    
    6    1403.36        253.850        249.900    
    1    1366.94        303.671        305.350    
    1    1366.94        280.909        284.550    
    1    1366.94        258.787        264.000    
    1    1366.94        237.430        243.900    
    1    1366.94        221.001        228.150    
    2    1371.97        308.397        310.050    
    2    1371.97        285.524        289.050    
    2    1371.97        263.287        268.300    
    2    1371.97        241.814        248.000    
    2    1371.97        225.223        232.100    
    3    1390.69        326.220        322.500    
    3    1390.69        303.026        301.150    
    3    1390.69        280.398        279.950    
    3    1390.69        258.452        259.250    
    3    1390.69        241.419        243.000    
    4    1399.98        335.106        330.050    
    4    1399.98        311.783        308.350    
    4    1399.98        288.971        287.050    
    4    1399.98        266.777        266.050    
    4    1399.98        249.582        249.550    
    5    1403.36        338.329        331.650    
    5    1403.36        314.944        309.850    
    5    1403.36        292.057        288.450    
    5    1403.36        269.795        267.450    
    5    1403.36        252.517        249.900    
    6    1397.91        333.024        326.550    
    6    1397.91        309.725        304.950    
    6    1397.91        286.950        283.650    
    6    1397.91        264.795        262.650    
    6    1397.91        247.627        246.250    
    1    1371.97        306.916        310.050    
    1    1371.97        283.923        289.050    
    1    1371.97        261.570        268.300    
    1    1371.97        239.995        248.000    
    1    1371.97        223.335        232.100    
    2    1390.69        324.795        322.500    
    2    1390.69        301.483        301.150    
    2    1390.69        278.736        279.950    
    2    1390.69        256.679        259.250    
    2    1390.69        239.566        243.000    
    3    1399.98        333.712        330.050    
    3    1399.98        310.272        308.350    
    3    1399.98        287.341        287.050    
    3    1399.98        265.033        266.050    
    3    1399.98        247.755        249.550    
    4    1403.36        336.951        331.650    
    4    1403.36        313.449        309.850    
    4    1403.36        290.443        288.450    
    4    1403.36        268.066        267.450    
    4    1403.36        250.705        249.900    
    5    1397.91        331.639        326.550    
    5    1397.91        308.223        304.950    
    5    1397.91        285.330        283.650    
    5    1397.91        263.062        262.650    
    5    1397.91        245.813        246.250    
    6    1405.82        339.261        332.400    
    6    1405.82        315.712        310.700    
    6    1405.82        292.657        289.250    
    6    1405.82        270.229        268.150    
    6    1405.82        252.792        251.550    
    1    1390.69        324.720        322.500    
    1    1390.69        301.215        301.150    
    1    1390.69        278.197        279.950    
    1    1390.69        255.779        259.250    
    1    1390.69        238.311        243.000    
    2    1399.98        333.679        330.050    
    2    1399.98        310.068        308.350    
    2    1399.98        286.890        287.050    
    2    1399.98        264.249        266.050    
    2    1399.98        246.639        249.550    
    3    1403.36        336.933        331.650    
    3    1403.36        313.267        309.850    
    3    1403.36        290.023        288.450    
    3    1403.36        267.324        267.450    
    3    1403.36        249.638        249.900    
    4    1397.91        331.599        326.550    
    4    1397.91        308.007        304.950    
    4    1397.91        284.863        283.650    
    4    1397.91        262.257        262.650    
    4    1397.91        244.669        246.250    
    5    1405.82        339.254        332.400    
    5    1405.82        315.546        310.700    
    5    1405.82        292.260        289.250    
    5    1405.82        269.517        268.150    
    5    1405.82        251.762        251.550    
    6    1402.31        335.812        329.550    
    6    1402.31        312.151        307.850    
    6    1402.31        288.913        286.450    
    6    1402.31        266.215        265.400    
    6    1402.31        248.543        248.900    
    1    1399.98        332.375        330.050    
    1    1399.98        308.853        308.350    
    1    1399.98        285.832        287.050    
    1    1399.98        263.431        266.050    
    1    1399.98        246.079        249.550    
    2    1403.36        335.627        331.650    
    2    1403.36        312.044        309.850    
    2    1403.36        288.950        288.450    
    2    1403.36        266.481        267.450    
    2    1403.36        249.045        249.900    
    3    1397.91        330.316        326.550    
    3    1397.91        306.818        304.950    
    3    1397.91        283.836        283.650    
    3    1397.91        261.476        262.650    
    3    1397.91        244.154        246.250    
    4    1405.82        337.956        332.400    
    4    1405.82        314.328        310.700    
    4    1405.82        291.187        289.250    
    4    1405.82        268.668        268.150    
    4    1405.82        251.158        251.550    
    5    1402.31        334.531        329.550    
    5    1402.31        310.956        307.850    
    5    1402.31        287.871        286.450    
    5    1402.31        265.408        265.400    
    5    1402.31        247.990        248.900    
    6    1391.57        324.120        319.450    
    6    1391.57        300.689        297.950    
    6    1391.57        277.814        276.750    
    6    1391.57        255.617        255.950    
    6    1391.57        238.390        239.600    
    1    1403.36        335.536        331.650    
    1    1403.36        311.791        309.850    
    1    1403.36        288.500        288.450    
    1    1403.36        265.799        267.450    
    1    1403.36        248.157        249.900    
    2    1397.91        330.200        326.550    
    2    1397.91        306.533        304.950    
    2    1397.91        283.347        283.650    
    2    1397.91        260.750        262.650    
    2    1397.91        243.218        246.250    
    3    1405.82        337.874        332.400    
    3    1405.82        314.086        310.700    
    3    1405.82        290.749        289.250    
    3    1405.82        268.001        268.150    
    3    1405.82        250.286        251.550    
    4    1402.31        334.432        329.550    
    4    1402.31        310.693        307.850    
    4    1402.31        287.408        286.450    
    4    1402.31        264.712        265.400    
    4    1402.31        247.086        248.900    
    5    1391.57        323.971        319.450    
    5    1391.57        300.363        297.950    
    5    1391.57        277.277        276.750    
    5    1391.57        254.835        255.950    
    5    1391.57        237.394        239.600    
    6    1369.10        302.287        301.550    
    6    1369.10        279.030        280.450    
    6    1369.10        256.374        259.700    
    6    1369.10        234.471        239.250    
    6    1369.10        217.583        223.350    
    1    1397.91        331.722        326.550    
    1    1397.91        307.731        304.950    
    1    1397.91        284.089        283.650    
    1    1397.91        260.882        262.650    
    1    1397.91        242.745        246.250    
    2    1405.82        339.456        332.400    
    2    1405.82        315.372        310.700    
    2    1405.82        291.613        289.250    
    2    1405.82        268.296        268.150    
    2    1405.82        250.009        251.550    
    3    1402.31        335.972        329.550    
    3    1402.31        311.926        307.850    
    3    1402.31        288.203        286.450    
    3    1402.31        264.918        265.400    
    3    1402.31        246.705        248.900    
    4    1391.57        325.400        319.450    
    4    1391.57        301.443        297.950    
    4    1391.57        277.869        276.750    
    4    1391.57        254.782        255.950    
    4    1391.57        236.704        239.600    
    5    1369.10        303.453        301.550    
    5    1369.10        279.750        280.450    
    5    1369.10        256.491        259.700    
    5    1369.10        233.818        239.250    
    5    1369.10        216.191        223.350    
    6    1369.58        303.879        301.850    
    6    1369.58        280.163        280.700    
    6    1369.58        256.892        259.900    
    6    1369.58        234.206        239.500    
    6    1369.58        216.560        223.550    
    1    1405.82        338.563        332.400    
    1    1405.82        315.117        310.700    
    1    1405.82        292.226        289.250    
    1    1405.82        270.032        268.150    
    1    1405.82        252.836        251.550    
    2    1402.31        335.149        329.550    
    2    1402.31        311.764        307.850    
    2    1402.31        288.936        286.450    
    2    1402.31        266.806        265.400    
    2    1402.31        249.709        248.900    
    3    1391.57        324.786        319.450    
    3    1391.57        301.566        297.950    
    3    1391.57        278.974        276.750    
    3    1391.57        257.136        255.950    
    3    1391.57        240.252        239.600    
    4    1369.10        303.345        301.550    
    4    1369.10        280.552        280.450    
    4    1369.10        258.470        259.700    
    4    1369.10        237.249        239.250    
    4    1369.10        220.972        223.350    
    5    1369.58        303.768        301.850    
    5    1369.58        280.959        280.700    
    5    1369.58        258.860        259.900    
    5    1369.58        237.624        239.500    
    5    1369.58        221.327        223.550    
    6    1363.72        298.179        296.950    
    6    1363.72        275.505        275.950    
    6    1363.72        253.571        255.250    
    6    1363.72        232.494        235.050    
    6    1363.72        216.369        219.150    
    1    1402.31        335.437        329.550    
    1    1402.31        312.078        307.850    
    1    1402.31        289.296        286.450    
    1    1402.31        267.236        265.400    
    1    1402.31        250.215        248.900    
    2    1391.57        325.076        319.450    
    2    1391.57        301.888        297.950    
    2    1391.57        279.349        276.750    
    2    1391.57        257.591        255.950    
    2    1391.57        240.790        239.600    
    3    1369.10        303.649        301.550    
    3    1369.10        280.901        280.450    
    3    1369.10        258.891        259.700    
    3    1369.10        237.770        239.250    
    3    1369.10        221.594        223.350    
    4    1369.58        304.068        301.850    
    4    1369.58        281.305        280.700    
    4    1369.58        259.277        259.900    
    4    1369.58        238.140        239.500    
    4    1369.58        221.943        223.550    
    5    1363.72        298.482        296.950    
    5    1363.72        275.858        275.950    
    5    1363.72        254.000        255.250    
    5    1363.72        233.028        235.050    
    5    1363.72        217.007        219.150    
    6    1354.58        289.861        291.200    
    6    1354.58        267.425        270.400    
    6    1354.58        245.810        249.950    
    6    1354.58        225.162        229.900    
    6    1354.58        209.379        214.300    
    1    1391.57        328.074        319.450    
    1    1391.57        304.474        297.950    
    1    1391.57        281.317        276.750    
    1    1391.57        258.704        255.950    
    1    1391.57        241.038        239.600    
    2    1369.10        306.313        301.550    
    2    1369.10        283.009        280.450    
    2    1369.10        260.209        259.700    
    2    1369.10        238.044        239.250    
    2    1369.10        220.847        223.350    
    3    1369.58        306.721        301.850    
    3    1369.58        283.404        280.700    
    3    1369.58        260.590        259.900    
    3    1369.58        238.411        239.500    
    3    1369.58        221.195        223.550    
    4    1363.72        301.019        296.950    
    4    1363.72        277.799        275.950    
    4    1363.72        255.106        255.250    
    4    1363.72        233.039        235.050    
    4    1363.72        215.958        219.150    
    5    1354.58        292.213        291.200    
    5    1354.58        269.113        270.400    
    5    1354.58        246.585        249.950    
    5    1354.58        224.761        229.900    
    5    1354.58        207.852        214.300    
    6    1357.99        295.412        295.200    
    6    1357.99        272.256        274.250    
    6    1357.99        249.668        253.600    
    6    1357.99        227.755        233.400    
    6    1357.99        210.753        217.600    
    1    1369.10        308.105        301.550    
    1    1369.10        284.566        280.450    
    1    1369.10        261.464        259.700    
    1    1369.10        238.928        239.250    
    1    1369.10        221.384        223.350    
    2    1369.58        308.503        301.850    
    2    1369.58        284.951        280.700    
    2    1369.58        261.835        259.900    
    2    1369.58        239.284        239.500    
    2    1369.58        221.720        223.550    
    3    1363.72        302.741        296.950    
    3    1363.72        279.273        275.950    
    3    1363.72        256.264        255.250    
    3    1363.72        233.810        235.050    
    3    1363.72        216.368        219.150    
    4    1354.58        293.844        291.200    
    4    1354.58        270.476        270.400    
    4    1354.58        247.609        249.950    
    4    1354.58        225.375        229.900    
    4    1354.58        208.088        214.300    
    5    1357.99        297.058        295.200    
    5    1357.99        273.640        274.250    
    5    1357.99        250.720        253.600    
    5    1357.99        228.404        233.400    
    5    1357.99        211.028        217.600    
    6    1353.39        292.559        289.900    
    6    1353.39        269.197        269.100    
    6    1353.39        246.333        248.650    
    6    1353.39        224.106        228.650    
    6    1353.39        206.841        213.050    
    1    1369.58        309.227        301.850    
    1    1369.58        285.978        280.700    
    1    1369.58        263.220        259.900    
    1    1369.58        241.079        239.500    
    1    1369.58        223.874        223.550    
    2    1363.72        303.513        296.950    
    2    1363.72        280.359        275.950    
    2    1363.72        257.718        255.250    
    2    1363.72        235.683        235.050    
    2    1363.72        218.608        219.150    
    3    1354.58        294.696        291.200    
    3    1354.58        271.657        270.400    
    3    1354.58        249.175        249.950    
    3    1354.58        227.375        229.900    
    3    1354.58        210.463        214.300    
    4    1357.99        297.879        295.200    
    4    1357.99        274.785        274.250    
    4    1357.99        252.244        253.600    
    4    1357.99        230.357        233.400    
    4    1357.99        213.354        217.600    
    5    1353.39        293.421        289.900    
    5    1353.39        270.391        269.100    
    5    1353.39        247.915        248.650    
    5    1353.39        226.124        228.650    
    5    1353.39        209.238        213.050    
    6    1338.35        279.020        279.200    
    6    1338.35        256.241        258.800    
    6    1338.35        234.084        238.700    
    6    1338.35        212.679        223.100    
    6    1338.35        196.128        203.850    
    1    1363.72        303.958        296.950    
    1    1363.72        281.363        275.950    
    1    1363.72        259.388        255.250    
    1    1363.72        238.119        235.050    
    1    1363.72        221.721        219.150    
    2    1354.58        295.294        291.200    
    2    1354.58        272.847        270.400    
    2    1354.58        251.062        249.950    
    2    1354.58        230.058        229.900    
    2    1354.58        213.845        214.300    
    3    1357.99        298.426        295.200    
    3    1357.99        275.913        274.250    
    3    1357.99        254.059        253.600    
    3    1357.99        232.958        233.400    
    3    1357.99        216.648        217.600    
    4    1353.39        294.050        289.900    
    4    1353.39        271.617        269.100    
    4    1353.39        249.844        248.650    
    4    1353.39        228.856        228.650    
    4    1353.39        212.674        213.050    
    5    1338.35        279.920        279.200    
    5    1338.35        257.791        258.800    
    5    1338.35        236.390        238.700    
    5    1338.35        215.834        223.100    
    5    1338.35        200.019        203.850    
    6    1330.66        272.713        275.650    
    6    1330.66        250.770        255.400    
    6    1330.66        229.570        235.600    
    6    1330.66        209.210        216.200    
    6    1330.66        193.641        201.100    
    1    1354.58        298.391        291.200    
    1    1354.58        275.438        270.400    
    1    1354.58        253.024        249.950    
    1    1354.58        231.270        229.900    
    1    1354.58        214.373        214.300    
    2    1357.99        301.552        295.200    
    2    1357.99        278.543        274.250    
    2    1357.99        256.072        253.600    
    2    1357.99        234.232        233.400    
    2    1357.99        217.246        217.600    
    3    1353.39        297.073        289.900    
    3    1353.39        274.125        269.100    
    3    1353.39        251.714        248.650    
    3    1353.39        229.965        228.650    
    3    1353.39        213.091        213.050    
    4    1338.35        282.650        279.200    
    4    1338.35        259.944        258.800    
    4    1338.35        237.841        238.700    
    4    1338.35        216.462        223.100    
    4    1338.35        199.906        203.850    
    5    1330.66        275.268        275.650    
    5    1330.66        252.715        255.400    
    5    1330.66        230.779        235.600    
    5    1330.66        209.561        216.200    
    5    1330.66        193.227        201.100    
    6    1324.80        269.638        272.050    
    6    1324.80        247.175        252.000    
    6    1324.80        225.378        232.300    
    6    1324.80        204.343        213.100    
    6    1324.80        188.103        198.100    
    1    1357.99        301.613        295.200    
    1    1357.99        279.689        274.250    
    1    1357.99        258.476        253.600    
    1    1357.99        238.054        233.400    
    1    1357.99        222.302        217.600    
    2    1353.39        297.301        289.900    
    2    1353.39        275.465        269.100    
    2    1353.39        254.341        248.650    
    2    1353.39        234.036        228.650    
    2    1353.39        218.413        213.050    
    3    1338.35        283.406        279.200    
    3    1338.35        261.901        258.800    
    3    1338.35        241.168        238.700    
    3    1338.35        221.308        223.100    
    3    1338.35        206.053        203.850    
    4    1330.66        276.321        275.650    
    4    1330.66        255.014        255.400    
    4    1330.66        234.493        235.600    
    4    1330.66        214.831        216.200    
    4    1330.66        199.821        201.100    
    5    1324.80        270.930        272.050    
    5    1324.80        249.750        252.000    
    5    1324.80        229.400        232.300    
    5    1324.80        209.950        213.100    
    5    1324.80        195.052        198.100    
    6    1304.86        252.995        257.200    
    6    1304.86        232.334        237.600    
    6    1304.86        212.564        217.950    
    6    1304.86        193.781        199.700    
    6    1304.86        179.461        184.750    
    1    1353.39        299.087        289.900    
    1    1353.39        277.111        269.100    
    1    1353.39        255.798        248.650    
    1    1353.39        235.257        228.650    
    1    1353.39        219.410        213.050    
    2    1338.35        285.098        279.200    
    2    1338.35        263.429        258.800    
    2    1338.35        242.483        238.700    
    2    1338.35        222.360        223.100    
    2    1338.35        206.861        203.850    
    3    1330.66        277.954        275.650    
    3    1330.66        256.471        255.400    
    3    1330.66        235.723        235.600    
    3    1330.66        215.785        216.200    
    3    1330.66        200.521        201.100    
    4    1324.80        272.513        272.050    
    4    1324.80        251.147        252.000    
    4    1324.80        230.559        232.300    
    4    1324.80        210.823        213.100    
    4    1324.80        195.663        198.100    
    5    1304.86        254.426        257.200    
    5    1304.86        233.544        237.600    
    5    1304.86        213.503        217.950    
    5    1304.86        194.401        199.700    
    5    1304.86        179.795        184.750    
    6    1295.22        245.725        250.050    
    6    1295.22        225.118        231.150    
    6    1295.22        205.386        211.800    
    6    1295.22        186.581        193.250    
    6    1295.22        172.279        178.950    
