           1  0.496877229551184     
           2  0.764399480208618     
           3  0.524570356955763     
           4  9.989813480563247E-003
           5   5.57669694271832     
           6  0.359660292276438     
           7  5.836631106398010E-002
           8  7.016966982255422E-003
           9  4.800469596915913E-003
          10   4.70674016238740     
          11 -0.991267063715723     
           1  0.462693712427133     
           2  0.780504153873890     
           3  0.547635753549806     
           4  9.996507560933003E-003
           5   5.24098580218785     
           6  0.461413750117786     
           7  5.806803910996430E-002
           8  7.299121273462943E-003
           9  5.467407159766377E-003
          10   4.66996893881477     
          11 -0.991629646188171     
           1  0.592126561201752     
           2  0.786648179121282     
           3  0.465740462940444     
           4  9.892181323012282E-003
           5   6.09137539473078     
           6  0.105383328279678     
           7  5.968127674517533E-002
           8  8.092172798291743E-003
           9  1.078206079528531E-002
          10   4.57531817713718     
          11 -0.992504426533442     
           1  0.532862784077605     
           2  0.781852928273788     
           3  0.478654689647379     
           4  9.920704142399806E-003
           5   5.95366399304217     
           6  0.125496402321535     
           7  5.971355950548561E-002
           8  8.154134012698594E-003
           9  1.058278532884121E-002
          10   4.56764632657986     
          11 -0.993378123864590     
           1  0.457624490233038     
           2  0.772257765507766     
           3  0.508817830890750     
           4  9.971672367854255E-003
           5   5.64700196563742     
           6  0.310433569067092     
           7  5.917363639211433E-002
           8  7.997145562448044E-003
           9  8.349623842276060E-003
          10   4.55196716342029     
          11 -0.995546916398885     
           1  0.525529966982525     
           2  0.785554642329088     
           3  0.457970616321409     
           4  9.897698587101180E-003
           5   6.13551715127897     
           6  0.148767388595623     
           7  6.001775426513077E-002
           8  8.314674285389376E-003
           9  1.205374122001989E-002
          10   4.60044872644307     
          11 -0.998856844358762     
           1  0.492596394751481     
           2  0.779950618097923     
           3  0.473189405608323     
           4  9.948993782980566E-003
           5   5.97491010259215     
           6  0.216134068346973     
           7  5.971654473108477E-002
           8  8.186323428055199E-003
           9  1.078683307338239E-002
          10   4.54896398494980     
          11 -0.998537513494052     
           1  0.490870091463821     
           2  0.777524575476274     
           3  0.477009029782441     
           4  9.956956255220613E-003
           5   5.94551771131495     
           6  0.241759607928542     
           7  5.957955623954889E-002
           8  8.068985910103927E-003
           9  9.513804296982240E-003
          10   4.51900909378502     
          11 -0.997867502273639     
           1  0.509634904738269     
           2  0.780835684159468     
           3  0.466084241922478     
           4  9.921752751597512E-003
           5   6.06081409305304     
           6  0.176031040163253     
           7  5.985065453270239E-002
           8  8.169306798852079E-003
           9  1.013994032156940E-002
          10   4.53109703126245     
          11 -0.998381231637114     
           1  0.479040004636879     
           2  0.775989665513777     
           3  0.479911569951306     
           4  9.953576495955923E-003
           5   5.91685077676440     
           6  0.248716461697954     
           7  5.954564157182969E-002
           8  8.044917904440561E-003
           9  8.905597869590935E-003
          10   4.51907280141404     
          11 -0.998773772333601     
           1  0.456086272062195     
           2  0.774164055370996     
           3  0.495882369529001     
           4  9.968166726643947E-003
           5   5.74301096497808     
           6  0.325542917875820     
           7  5.921913032871485E-002
           8  7.928997964090143E-003
           9  7.797334030126415E-003
          10   4.53882431180002     
          11 -0.998909859501908     
           1  0.505502186489797     
           2  0.779397975438081     
           3  0.466275183165334     
           4  9.907519757459408E-003
           5   6.06680408773388     
           6  0.202805300368659     
           7  5.975409303093564E-002
           8  8.149177287323242E-003
           9  9.449937290209565E-003
          10   4.53512068805475     
          11 -0.998753164168441     
           1  0.530438958883077     
           2  0.785228619444699     
           3  0.453025832131788     
           4  9.889519655507497E-003
           5   6.19305012815824     
           6  0.137771728489694     
           7  6.007150609725052E-002
           8  8.262460072192784E-003
           9  1.105365451195101E-002
          10   4.55455723391151     
          11 -0.998831685894377     
           1  0.481617445970396     
           2  0.775107829281320     
           3  0.474421490467188     
           4  9.951719184670247E-003
           5   5.98288046640352     
           6  0.244827615397947     
           7  5.969485821766565E-002
           8  8.060238657257525E-003
           9  8.802371121258350E-003
          10   4.49835515917849     
          11 -0.997777899625695     
           1  0.481084160712824     
           2  0.773701960241819     
           3  0.496805840065115     
           4  9.997719846341496E-003
           5   5.75325132302532     
           6  0.328374493988738     
           7  5.898858263668683E-002
           8  7.655611671945074E-003
           9  7.243276420981666E-003
          10   4.51980271474975     
          11 -0.995671738972265     
           1  0.502901489397590     
           2  0.773517166815914     
           3  0.493051087207992     
           4  9.984284050267710E-003
           5   5.81486958082736     
           6  0.292979879240928     
           7  5.895301895853014E-002
           8  7.562645802708698E-003
           9  7.084685747609182E-003
          10   4.51647366664698     
          11 -0.994584895365429     
           1  0.508822739875764     
           2  0.769840846667830     
           3  0.502872868949087     
           4  9.997077813876303E-003
           5   5.74437999662522     
           6  0.312152155769281     
           7  5.857716285281619E-002
           8  7.222721195633463E-003
           9  5.915681709820203E-003
          10   4.57382313479963     
          11 -0.993040442251152     
           1  0.551014337791594     
           2  0.773168111339878     
           3  0.487289358500965     
           4  9.948337005862663E-003
           5   5.92206626748523     
           6  0.168509020321046     
           7  5.908497300169361E-002
           8  7.285646395340868E-003
           9  6.072728053846935E-003
          10   4.53633597613719     
          11 -0.992452140383512     
           1  0.516653750358108     
           2  0.764536425532649     
           3  0.515209908372505     
           4  9.995052459861551E-003
           5   5.67454813450698     
           6  0.295961272875185     
           7  5.862094879231052E-002
           8  6.913606294027204E-003
           9  4.580510541779674E-003
          10   4.70580623591998     
          11 -0.992558201186512     
           1  0.523315758188945     
           2  0.768353687806687     
           3  0.494673454349820     
           4  9.954532766607703E-003
           5   5.85354157222177     
           6  0.298745404491210     
           7  5.857926553671212E-002
           8  7.034067420511323E-003
           9  4.952038150364905E-003
          10   4.66303442859993     
          11 -0.994143752307248     
           1  0.618726724199216     
           2  0.786490760146922     
           3  0.460545249251350     
           4  9.888586436835722E-003
           5   6.14146548589236     
           6  0.122074689373077     
           7  5.909679717304954E-002
           8  7.504217473304819E-003
           9  7.436795132143640E-003
          10   4.52066976947252     
          11 -0.995904146186683     
           1  0.474494293665196     
           2  0.774122023012815     
           3  0.513945950237874     
           4  9.978403569050793E-003
           5   5.57485903235515     
           6  0.399931316076703     
           7  5.801386793107826E-002
           8  7.031727240209069E-003
           9  4.902393344257953E-003
          10   4.71689906452167     
          11 -0.997566795405012     
           1  0.463312146230831     
           2  0.784368187419390     
           3  0.511939295627162     
           4  9.969343116734749E-003
           5   5.50442459243458     
           6  0.444944562986430     
           7  5.792424771946542E-002
           8  7.181163182534002E-003
           9  5.239449414697583E-003
          10   4.69473902449405     
          11 -0.999987711579844     
           1  0.644642806660334     
           2  0.788200940433132     
           3  0.500731299614339     
           4  9.933441106510052E-003
           5   5.77446037239421     
           6  0.110639024014683     
           7  5.875578883756589E-002
           8  7.704683888568719E-003
           9  9.337871656905659E-003
          10   4.58011720151380     
          11 -0.978949746252916     
           1  0.722942078145411     
           2  0.798518437222195     
           3  0.480368849220831     
           4  9.901792532907237E-003
           5   5.93062696007512     
           6  3.945409865746892E-002
           7  5.916806669536975E-002
           8  7.901515664573656E-003
           9  1.228607703468051E-002
          10   4.67009249613163     
          11 -0.982066686792386     
           1  0.660188060617337     
           2  0.793353815966197     
           3  0.484295306108332     
           4  9.912101263427335E-003
           5   5.89978687248899     
           6  6.758956705323607E-002
           7  5.922138833988575E-002
           8  7.983870350596851E-003
           9  1.191678704841430E-002
          10   4.65520262800851     
          11 -0.982150704378277     
           1  0.562028720968152     
           2  0.783132101853718     
           3  0.507490882980249     
           4  9.945875567511107E-003
           5   5.69363723951127     
           6  0.191123042176994     
           7  5.880262815772098E-002
           8  7.937064239909289E-003
           9  1.021746226337123E-002
          10   4.62416854043506     
          11 -0.982653117744797     
           1  0.682994445444176     
           2  0.798821573100642     
           3  0.449708171899094     
           4  9.860729398010724E-003
           5   6.22234722581979     
           6  1.393518584014845E-002
           7  6.001600786962885E-002
           8  8.288477860221756E-003
           9  1.579892177239199E-002
          10   4.79365494297615     
          11 -0.984077865431301     
           1  0.494194659834853     
           2  0.779753937069265     
           3  0.500860710062609     
           4  9.944088209135685E-003
           5   5.70375486030543     
           6  0.241509141724373     
           7  5.902551933587847E-002
           8  8.170668456833908E-003
           9  1.101066877096051E-002
          10   4.66476986772202     
          11 -0.983033337287838     
           1  0.622276161766401     
           2  0.788212757838689     
           3  0.556516451518304     
           4  9.987053612801699E-003
           5   5.29428052822760     
           6  0.135572936906414     
           7  5.864555373956282E-002
           8  7.995310370231198E-003
           9  1.342003213920215E-002
          10   4.76327776606553     
          11 -0.958106314285101     
