           1  0.990946525563472     
           2  9.997057604522325E-003
           3  0.177258860478392     
           4  9.231197646423063E-002
           5   8.22341982612503     
           6 -0.639705831610230     
           7  8.194574295982912E-002
           8 -0.140653231915308     
           9  4.000664882284125E-003
          10   10.5739981000175     
          11 -0.904965004167399     
          12  6.915513907089474E-002
           1  0.992958553236525     
           2  9.997045783964396E-003
           3  0.177343953850940     
           4  9.246085055132965E-002
           5   8.22154341748788     
           6 -0.637682203195893     
           7  8.194576132772557E-002
           8 -0.141381679105532     
           9  4.000517180960454E-003
          10   10.5728867352352     
          11 -0.904965013314284     
          12  6.915495527080506E-002
           1  0.995351983646509     
           2  9.997027623011410E-003
           3  0.177443999237839     
           4  9.263728943006096E-002
           5   8.21934419095611     
           6 -0.635284671590381     
           7  8.194578234743789E-002
           8 -0.142329338455713     
           9  4.000338901641968E-003
          10   10.5714359546813     
          11 -0.904965023801403     
          12  6.915473879014498E-002
           1  0.996951091494187     
           2  9.997012819421043E-003
           3  0.177510071140892     
           4  9.275484994949589E-002
           5   8.21789544379784     
           6 -0.633688284055827     
           7  8.194579586852614E-002
           8 -0.143006977679625     
           9  4.000218399514116E-003
          10   10.5703952195839     
          11 -0.904965030557469     
          12  6.915459587017522E-002
           1  0.997876877023302     
           2  9.997007413127328E-003
           3  0.177548062919536     
           4  9.282264553914714E-002
           5   8.21706152428240     
           6 -0.632767158433469     
           7  8.194580429990657E-002
           8 -0.143272592803587     
           9  4.000157775372598E-003
          10   10.5699841441451     
          11 -0.904965034749084     
          12  6.915451467225617E-002
           1  0.999241688291257     
           2  9.996997994058086E-003
           3  0.177604042155646     
           4  9.292227199175414E-002
           5   8.21583466698750     
           6 -0.631411759937393     
           7  8.194581583931115E-002
           8 -0.143839670937360     
           9  4.000052055473533E-003
          10   10.5691080520000     
          11 -0.904965040500469     
          12  6.915439347340779E-002
           1  0.999580207443885     
           2  9.996993205474800E-003
           3  0.177617582183733     
           4  9.294717063672019E-002
           5   8.21553942491101     
           6 -0.631075528571943     
           7  8.194581892983287E-002
           8 -0.143899095888075     
           9  4.000038578879623E-003
          10   10.5690159583774     
          11 -0.904965042045439     
          12  6.915436524241662E-002
           1  0.999457241775252     
           2  9.996991439289806E-003
           3  0.177612587337919     
           4  9.293827519065694E-002
           5   8.21565036002535     
           6 -0.631196868288162     
           7  8.194581623873493E-002
           8 -0.144184731613070     
           9  4.000015099775687E-003
          10   10.5685780314942     
          11 -0.904965040731360     
          12  6.915437294600668E-002
           1  0.999043182989081     
           2  9.996993553176585E-003
           3  0.177595596456922     
           4  9.290815610090969E-002
           5   8.21602308326813     
           6 -0.631607254421781     
           7  8.194581113997397E-002
           8 -0.144335069717636     
           9  4.000011416205881E-003
          10   10.5683488258548     
          11 -0.904965038205912     
          12  6.915440704408177E-002
           1  0.998269080235132     
           2  9.997000773687821E-003
           3  0.177562793178043     
           4  9.285215867505729E-002
           5   8.21674046009168     
           6 -0.632376312668412     
           7  8.194580393692522E-002
           8 -0.144075879910052     
           9  4.000058283810899E-003
          10   10.5687511966613     
          11 -0.904965034604081     
          12  6.915447852748108E-002
           1  0.997890656049031     
           2  9.997003870204531E-003
           3  0.177546980821301     
           4  9.282463686214655E-002
           5   8.21708659684777     
           6 -0.632752460870485     
           7  8.194580004336632E-002
           8 -0.144037201754607     
           9  4.000072545840251E-003
          10   10.5688124885634     
          11 -0.904965032664504     
          12  6.915451216177161E-002
           1  0.996381311932336     
           2  9.997015140803192E-003
           3  0.177484125359015     
           4  9.271439827761740E-002
           5   8.21846497458297     
           6 -0.634255629290947     
           7  8.194578752382436E-002
           8 -0.143294388611412     
           9  4.000198646457318E-003
          10   10.5699593042702     
          11 -0.904965026408704     
          12  6.915465008647761E-002
           1  0.994138701206966     
           2  9.997036604424326E-003
           3  0.177389450287815     
           4  9.255005424065840E-002
           5   8.22054084096347     
           6 -0.636498359981557     
           7  8.194576846044725E-002
           8 -0.142218804807923     
           9  4.000375818946724E-003
          10   10.5716111409515     
          11 -0.904965016864244     
          12  6.915485770269329E-002
           1  0.990392610420369     
           2  9.997072930854393E-003
           3  0.177230365022072     
           4  9.227310615189882E-002
           5   8.22403789931738     
           6 -0.640266820372631     
           7  8.194573782331467E-002
           8 -0.140146629413837     
           9  4.000705728522319E-003
          10   10.5747626380814     
          11 -0.904965001515019     
          12  6.915520690310317E-002
           1  0.987583068776276     
           2  9.997097763527940E-003
           3  0.177110606120752     
           4  9.206330730189816E-002
           5   8.22667958422796     
           6 -0.643110626739104     
           7  8.194571352769819E-002
           8 -0.138840225916034     
           9  4.000932884849872E-003
          10   10.5767329629772     
          11 -0.904964989372970     
          12  6.915546664575116E-002
           1  0.985300575794211     
           2  9.997119321062847E-003
           3  0.177012307715956     
           4  9.189187447095618E-002
           5   8.22885136697179     
           6 -0.645432377562778     
           7  8.194569332232753E-002
           8 -0.137819076228182     
           9  4.001111315534806E-003
          10   10.5782634075360     
          11 -0.904964979272521     
          12  6.915567936955808E-002
           1  0.982530720905327     
           2  9.997142057858257E-003
           3  0.176893053607249     
           4  9.168213844132614E-002
           5   8.23149413850679     
           6 -0.648262361057666     
           7  8.194566893081330E-002
           8 -0.136566785766409     
           9  4.001337814514045E-003
          10   10.5801295299378     
          11 -0.904964967098014     
          12  6.915593616251348E-002
           1  0.980357235331771     
           2  9.997161372709550E-003
           3  0.176798923647552     
           4  9.151650154363455E-002
           5   8.23358286742507     
           6 -0.650493083190166     
           7  8.194564933495743E-002
           8 -0.135651138116275     
           9  4.001506916209846E-003
          10   10.5814872653050     
          11 -0.904964957316683     
          12  6.915613811577823E-002
           1  0.979179267001814     
           2  9.997173646021856E-003
           3  0.176747849301093     
           4  9.142623384463565E-002
           5   8.23471662756163     
           6 -0.651706062493115     
           7  8.194563840458752E-002
           8 -0.135218414523183     
           9  4.001589422104848E-003
          10   10.5821273595499     
          11 -0.904964951856203     
          12  6.915624729079184E-002
           1  0.979090823971266     
           2  9.997176161625456E-003
           3  0.176743987590804     
           4  9.141941765507831E-002
           5   8.23480139060507     
           6 -0.651797603724012     
           7  8.194563560910917E-002
           8 -0.135566145782148     
           9  4.001549232611088E-003
          10   10.5816177398010     
          11 -0.904964950467477     
          12  6.915625429949215E-002
           1  0.978383106348423     
           2  9.997183893897338E-003
           3  0.176712998394527     
           4  9.136513738563855E-002
           5   8.23548967394830     
           6 -0.652527935664523     
           7  8.194562823558262E-002
           8 -0.135440547563090     
           9  4.001580701235260E-003
          10   10.5818052289121     
          11 -0.904964946782113     
          12  6.915632043010235E-002
           1  0.978474637124434     
           2  9.997184413437608E-003
           3  0.176717571704311     
           4  9.137183578502234E-002
           5   8.23538745751625     
           6 -0.652433793310762     
           7  8.194562750604593E-002
           8 -0.135820772428128     
           9  4.001532510608368E-003
          10   10.5812461165244     
          11 -0.904964946424092     
          12  6.915630902877459E-002
           1  0.979086998298025     
           2  9.997179167546227E-003
           3  0.176745063257610     
           4  9.141843639192213E-002
           5   8.23477630742748     
           6 -0.651802212212317     
           7  8.194563194068669E-002
           8 -0.136352693219929     
           9  4.001451978989080E-003
          10   10.5804595681741     
          11 -0.904964948643242     
          12  6.915624839324747E-002
           1  0.979188062416717     
           2  9.997175893005904E-003
           3  0.176748973140418     
           4  9.142652054553731E-002
           5   8.23469114451368     
           6 -0.651697562718778     
           7  8.194563217874495E-002
           8 -0.136486670220479     
           9  4.001432328147173E-003
          10   10.5802615886363     
          11 -0.904964948764419     
          12  6.915624015603838E-002
           1  0.979308851559368     
           2  9.997173736752652E-003
           3  0.176754029418986     
           4  9.143591406604734E-002
           5   8.23457921969769     
           6 -0.651572875160743     
           7  8.194563182001695E-002
           8 -0.136802404702105     
           9  4.001390589037777E-003
          10   10.5797949041468     
          11 -0.904964948590059     
          12  6.915622849519074E-002
           1  0.980000622212605     
           2  9.997168486819346E-003
           3  0.176785008520249     
           4  9.148840532139814E-002
           5   8.23389069827363     
           6 -0.650860619521787     
           7  8.194563804055621E-002
           8 -0.137174210318172     
           9  4.001326320331852E-003
          10   10.5792410152815     
          11 -0.904964951693603     
          12  6.915616064289204E-002
           1  0.981030368041938     
           2  9.997160184359338E-003
           3  0.176830064288265     
           4  9.156686031757687E-002
           5   8.23288946577996     
           6 -0.649802019798590     
           7  8.194564703676638E-002
           8 -0.137706090145370     
           9  4.001231550601052E-003
          10   10.5784469648569     
          11 -0.904964956179381     
          12  6.915606275304471E-002
           1  0.982065063630621     
           2  9.997153826288976E-003
           3  0.176875906084549     
           4  9.164511000154167E-002
           5   8.23187116858083     
           6 -0.648740618215397     
           7  8.194565873433815E-002
           8 -0.137775521395753     
           9  4.001189213409705E-003
          10   10.5783380500460     
          11 -0.904964961991867     
          12  6.915596452147996E-002
           1  0.983423045616599     
           2  9.997150996552878E-003
           3  0.176936256022410     
           4  9.174712466413788E-002
           5   8.23052752138391     
           6 -0.647351777455608     
           7  8.194567140982015E-002
           8 -0.138411949511205     
           9  4.001064405616661E-003
          10   10.5773827435653     
          11 -0.904964968284884     
          12  6.915583253569361E-002
           1  0.986461062583176     
           2  9.997134745286346E-003
           3  0.177067718944407     
           4  9.197575197451292E-002
           5   8.22761129851276     
           6 -0.644255489116233     
           7  8.194569623263039E-002
           8 -0.140263358626633     
           9  4.000748537084620E-003
          10   10.5745937143178     
          11 -0.904964980655339     
          12  6.915554432700098E-002
           1  0.989649965441727     
           2  9.997109951881184E-003
           3  0.177203702091936     
           4  9.221445864559032E-002
           5   8.22460730831362     
           6 -0.641023079105979     
           7  8.194572437343745E-002
           8 -0.141671896104975     
           9  4.000492830290654E-003
          10   10.5724504374384     
          11 -0.904964994696970     
          12  6.915524831102947E-002
           1  0.991371586002392     
           2  9.997098268393770E-003
           3  0.177276242529421     
           4  9.234262618780795E-002
           5   8.22300652912785     
           6 -0.639286489843466     
           7  8.194573884522068E-002
           8 -0.142522783095475     
           9  4.000339878125920E-003
          10   10.5711482352079     
          11 -0.904965001909745     
          12  6.915509007785285E-002
           1  0.993550210859468     
           2  9.997081139383976E-003
           3  0.177367252035457     
           4  9.250420064768147E-002
           5   8.22100304606249     
           6 -0.637096954419699     
           7  8.194575697354931E-002
           8 -0.143590435072813     
           9  4.000155014734944E-003
          10   10.5695060572343     
          11 -0.904965010964932     
          12  6.915489100419910E-002
           1  0.994514573895015     
           2  9.997072934572434E-003
           3  0.177406649079303     
           4  9.257580932136346E-002
           5   8.22013719483059     
           6 -0.636130633608620     
           7  8.194576489420016E-002
           8 -0.144022779034694     
           9  4.000076980128484E-003
          10   10.5688382476754     
          11 -0.904965014919825     
          12  6.915480554283146E-002
           1  0.994570000575887     
           2  9.997070531789283E-003
           3  0.177408722929610     
           4  9.258006824468530E-002
           5   8.22009308870760     
           6 -0.636074865824996     
           7  8.194576646615255E-002
           8 -0.143805247747100     
           9  4.000105511264990E-003
          10   10.5691728112560     
          11 -0.904965015709864     
          12  6.915480290455302E-002
           1  0.994152767017085     
           2  9.997069773042253E-003
           3  0.177391412951452     
           4  9.254937740623616E-002
           5   8.22047641436181     
           6 -0.636491927591946     
           7  8.194576418945679E-002
           8 -0.143355555438804     
           9  4.000178568505223E-003
          10   10.5698652695427     
          11 -0.904965014588938     
          12  6.915484252169569E-002
           1  0.993339399357038     
           2  9.997072736852684E-003
           3  0.177357250121622     
           4  9.248951918533202E-002
           5   8.22122975863876     
           6 -0.637306592253440     
           7  8.194575782323313E-002
           8 -0.142848538905685     
           9  4.000265046145511E-003
          10   10.5706453612548     
          11 -0.904965011418433     
          12  6.915491841201425E-002
           1  0.993498948768544     
           2  9.997071839822805E-003
           3  0.177363896909218     
           4  9.250131007361198E-002
           5   8.22108349140854     
           6 -0.637146711317532     
           7  8.194575897955549E-002
           8 -0.142964270235471     
           9  4.000247293297289E-003
          10   10.5704675787146     
          11 -0.904965011998629     
          12  6.915490342009119E-002
           1  0.993069990965235     
           2  9.997075265188901E-003
           3  0.177346066905170     
           4  9.246954165811820E-002
           5   8.22147552766804     
           6 -0.637577121565886     
           7  8.194575505760540E-002
           8 -0.142832090194303     
           9  4.000273762899886E-003
          10   10.5706713010202     
          11 -0.904965010039337     
          12  6.915494179234892E-002
           1  0.993257565391721     
           2  9.997079190869639E-003
           3  0.177353872313543     
           4  9.248328314514015E-002
           5   8.22129993122978     
           6 -0.637389961910805     
           7  8.194575636897604E-002
           8 -0.142991603071283     
           9  4.000238555819504E-003
          10   10.5704252197293     
          11 -0.904965010666281     
          12  6.915492421152528E-002
           1  0.993254046370013     
           2  9.997084421216529E-003
           3  0.177353927949132     
           4  9.248277379682711E-002
           5   8.22129569166313     
           6 -0.637394613974464     
           7  8.194575575088264E-002
           8 -0.143147941840297     
           9  4.000209592597428E-003
          10   10.5701844793627     
          11 -0.904965010331153     
          12  6.915492251992716E-002
           1  0.992746067870713     
           2  9.997089934863413E-003
           3  0.177332373714907     
           4  9.244530781724739E-002
           5   8.22176886459899     
           6 -0.637904925648678     
           7  8.194575023072530E-002
           8 -0.143145800833042     
           9  4.000216585060589E-003
          10   10.5701892630544     
          11 -0.904965007561724     
          12  6.915496805395070E-002
           1  0.990268299877435     
           2  9.997110171428172E-003
           3  0.177225452833333     
           4  9.226274027858131E-002
           5   8.22412241672126     
           6 -0.640399767365012     
           7  8.194572868019322E-002
           8 -0.141886586580700     
           9  4.000421374914014E-003
          10   10.5721204982729     
          11 -0.904964996772964     
          12  6.915520449606281E-002
           1  0.988157632504762     
           2  9.997123375938844E-003
           3  0.177135263198641     
           4  9.210562728763765E-002
           5   8.22611469931555     
           6 -0.642533553992597     
           7  8.194571189730779E-002
           8 -0.140565663284978     
           9  4.000635986541787E-003
          10   10.5741302051787     
          11 -0.904964988386965     
          12  6.915540378088764E-002
           1  0.987319796121059     
           2  9.997127208694756E-003
           3  0.177100024535711     
           4  9.204268738589756E-002
           5   8.22689555742190     
           6 -0.643382698902778     
           7  8.194570728871878E-002
           8 -0.139675818934934     
           9  4.000768179211112E-003
          10   10.5754732669978     
          11 -0.904964986082865     
          12  6.915548294421293E-002
           1  0.984829662429820     
           2  9.997141810453566E-003
           3  0.176992813338706     
           4  9.185573809474884E-002
           5   8.22927115543349     
           6 -0.645915117993851     
           7  8.194568533711591E-002
           8 -0.138505476607512     
           9  4.000981621528781E-003
          10   10.5772361989341     
          11 -0.904964975139667     
          12  6.915571620105736E-002
           1  0.984012370659952     
           2  9.997140201104674E-003
           3  0.176959435516495     
           4  9.179322671837034E-002
           5   8.23001711578626     
           6 -0.646747817840304     
           7  8.194568140553278E-002
           8 -0.137594212537975     
           9  4.001131354050716E-003
          10   10.5785966175962     
          11 -0.904964973210272     
          12  6.915578941623536E-002
           1  0.984353651759640     
           2  9.997135928679768E-003
           3  0.176976063923680     
           4  9.181809478729828E-002
           5   8.22965092138278     
           6 -0.646398990234747     
           7  8.194568876314279E-002
           8 -0.137025655750386     
           9  4.001199772410704E-003
          10   10.5794376018547     
          11 -0.904964976888155     
          12  6.915575527010906E-002
           1  0.985717282159608     
           2  9.997123740436197E-003
           3  0.177033892560185     
           4  9.192138053874759E-002
           5   8.22837085450341     
           6 -0.645008742953680     
           7  8.194570211656460E-002
           8 -0.137315485683773     
           9  4.001128625837550E-003
          10   10.5790033512537     
          11 -0.904964983550327     
          12  6.915563287374535E-002
           1  0.986232119620733     
           2  9.997118623646790E-003
           3  0.177055445672106     
           4  9.196041941062648E-002
           5   8.22789437125349     
           6 -0.644484661711599     
           7  8.194570701407157E-002
           8 -0.137430666276037     
           9  4.001103366260455E-003
          10   10.5788311331764     
          11 -0.904964985999152     
          12  6.915558745776118E-002
           1  0.984296421132876     
           2  9.997134003416451E-003
           3  0.176970888214214     
           4  9.181520930876408E-002
           5   8.22976567768131     
           6 -0.646457059490930     
           7  8.194568918976712E-002
           8 -0.136612979008019     
           9  4.001250706167902E-003
          10   10.5800493907135     
          11 -0.904964977096577     
          12  6.915577072610778E-002
           1  0.982782520518791     
           2  9.997149310997936E-003
           3  0.176902663448145     
           4  9.170194842852979E-002
           5   8.23127440453936     
           6 -0.648005366398135     
           7  8.194567627043506E-002
           8 -0.135634631207124     
           9  4.001401770040403E-003
          10   10.5814968335743     
          11 -0.904964970623621     
          12  6.915592158780651E-002
           1  0.978955621578242     
           2  9.997183243060296E-003
           3  0.176734166601800     
           4  9.141111495199131E-002
           5   8.23501454927653     
           6 -0.651938017873842     
           7  8.194564344804944E-002
           8 -0.133503625083006     
           9  4.001752483595629E-003
          10   10.5846235647252     
          11 -0.904964954204914     
          12  6.915628689503484E-002
           1  0.974423282461865     
           2  9.997218363799123E-003
           3  0.176532828197123     
           4  9.106240562010356E-002
           5   8.23950291161404     
           6 -0.656633636610249     
           7  8.194560306578946E-002
           8 -0.131193247634462     
           9  4.002152142363989E-003
          10   10.5879746132238     
          11 -0.904964934029927     
          12  6.915672005572007E-002
           1  0.971549905012038     
           2  9.997242440636983E-003
           3  0.176403888214461     
           4  9.083873579744976E-002
           5   8.24238571643375     
           6 -0.659634290244096     
           7  8.194557404354565E-002
           8 -0.130315855763028     
           9  4.002338284929103E-003
          10   10.5892416744798     
          11 -0.904964919549740     
          12  6.915699573355567E-002
           1  0.968486984982098     
           2  9.997265514391956E-003
           3  0.176265548571715     
           4  9.059792150987062E-002
           5   8.24548863879050     
           6 -0.662853479850686     
           7  8.194554456986256E-002
           8 -0.129058882603347     
           9  4.002577631178955E-003
          10   10.5910401645305     
          11 -0.904964904838970     
          12  6.915729136204526E-002
           1  0.966241785566028     
           2  9.997283244427597E-003
           3  0.176162639062424     
           4  9.042011441365082E-002
           5   8.24780161244982     
           6 -0.665228064761602     
           7  8.194552453960262E-002
           8 -0.127759497699961     
           9  4.002795720010965E-003
          10   10.5928796115249     
          11 -0.904964894826266     
          12  6.915751155913076E-002
           1  0.964828676148745     
           2  9.997294677298572E-003
           3  0.176097658083248     
           4  9.030739608274092E-002
           5   8.24926469219519     
           6 -0.666729175634268     
           7  8.194551179223182E-002
           8 -0.126962566980457     
           9  4.002930959685082E-003
          10   10.5940003676452     
          11 -0.904964888454641     
          12  6.915765012783295E-002
           1  0.963690439663880     
           2  9.997303252141000E-003
           3  0.176044513019574     
           4  9.021652312442011E-002
           5   8.25046258398845     
           6 -0.667941818527030     
           7  8.194550059196322E-002
           8 -0.126438955159256     
           9  4.003025626084368E-003
          10   10.5947348218651     
          11 -0.904964882860045     
          12  6.915776405563169E-002
           1  0.962357799150651     
           2  9.997322724498303E-003
           3  0.175980677952461     
           4  9.011015538348990E-002
           5   8.25189500273285     
           6 -0.669367049297014     
           7  8.194549001546061E-002
           8 -0.125291258898405     
           9  4.003187119791383E-003
          10   10.5963313307039     
          11 -0.904964877533224     
          12  6.915790072614350E-002
