 1    1365.51        336.661        294.150        20.1705        25.2000       0.269534    
 1    1365.51        316.401        272.450        24.3066        30.0000       0.269534    
 1    1365.51        296.731        251.250        29.0325        33.4500       0.269534    
 1    1365.51        277.690        230.700        34.3869        36.4000       0.269534    
 1    1365.51        262.933        214.150        39.1467        39.6000       0.269534    
 1    1374.02        344.035        304.150        19.1811        24.6500       0.244597    
 1    1374.02        323.611        282.300        23.1555        27.7000       0.244597    
 1    1374.02        303.761        260.800        27.7055        32.0000       0.244597    
 1    1374.02        284.527        239.650        32.8702        35.6000       0.244597    
 1    1374.02        269.606        223.200        37.4689        38.3500       0.244597    
 1    1374.02        343.787        304.150        19.0791        24.6500       0.247755    
 1    1374.02        323.349        282.300        23.0436        27.7000       0.247755    
 1    1374.02        303.487        260.800        27.5840        32.0000       0.247755    
 1    1374.02        284.240        239.650        32.7398        35.6000       0.247755    
 1    1374.02        269.310        223.200        37.3319        38.3500       0.247755    
 1    1367.58        337.763        297.900        19.6403        25.8000       0.270392    
 1    1367.58        317.426        276.200        23.7095        29.0000       0.270392    
 1    1367.58        297.677        254.900        28.3661        33.0000       0.270392    
 1    1367.58        278.554        233.600        33.6497        37.0000       0.270392    
 1    1367.58        263.732        217.800        38.3522        40.3000       0.270392    
 1    1354.68        326.007        288.050        20.9299        25.9000       0.218341    
 1    1354.68        305.895        266.950        25.2276        30.0000       0.218341    
 1    1354.68        286.394        245.850        30.1360        33.1000       0.218341    
 1    1354.68        267.542        225.050        35.6940        37.3000       0.218341    
 1    1354.68        252.953        208.800        40.6317        41.1000       0.218341    
 1    1352.46        323.781        286.300        21.0704        26.1500       0.216957    
 1    1352.46        303.698        264.800        25.4004        29.1000       0.216957    
 1    1352.46        284.231        244.000        30.3455        34.5000       0.216957    
 1    1352.46        265.417        223.100        35.9447        37.7000       0.216957    
 1    1352.46        250.861        207.200        40.9188        41.3500       0.216957    
 1    1341.47        313.808        273.400        22.2329        27.7500       0.257232    
 1    1341.47        293.926        252.100        26.7674        31.3500       0.257232    
 1    1341.47        274.680        231.450        31.9374        34.8000       0.257232    
 1    1341.47        256.108        211.150        37.7812        40.1500       0.257232    
 1    1341.47        241.758        195.550        42.9647        44.1000       0.257232    
 1    1341.45        313.531        274.200        22.1223        26.8000       0.230437    
 1    1341.45        293.637        252.900        26.6473        30.3000       0.230437    
 1    1341.45        274.378        231.950        31.8083        34.3000       0.230437    
 1    1341.45        255.794        211.500        37.6440        38.7500       0.230437    
 1    1341.45        241.436        195.400        42.8217        42.8000       0.230437    
 1    1334.76        307.389        267.300        22.8158        27.9000       0.285454    
 1    1334.76        287.616        246.100        27.4658        35.0000       0.285454    
 1    1334.76        268.492        225.500        32.7647        36.3500       0.285454    
 1    1334.76        250.055        205.250        38.7509        40.1500       0.285454    
 1    1334.76        235.823        189.450        44.0576        44.5000       0.285454    
 1    1356.78        326.598        286.350        20.1511        23.4500       0.208643    
 1    1356.78        306.378        264.400        24.3579        27.2400       0.208643    
 1    1356.78        286.768        243.250        29.1740        31.2000       0.208643    
 1    1356.78        267.808        222.450        34.6398        34.3500       0.208643    
 1    1356.78        253.132        205.750        39.5048        37.9000       0.208643    
 1    1353.64        323.546        281.500        20.3853        23.6500       0.219489    
 1    1353.64        303.372        259.800        24.6411        26.7500       0.219489    
 1    1353.64        283.814        238.500        29.5125        30.5500       0.219489    
 1    1353.64        264.911        217.750        35.0397        34.7000       0.219489    
 1    1353.64        250.286        201.750        39.9583        38.4000       0.219489    
 1    1363.67        332.238        290.200        19.1928        21.3000       0.211238    
 1    1363.67        311.862        268.400        23.2499        25.8500       0.211238    
 1    1363.67        292.083        246.700        27.9048        27.8500       0.211238    
 1    1363.67        272.944        225.600        33.1986        31.6000       0.211238    
 1    1363.67        258.118        208.750        37.9189        34.8500       0.211238    
 1    1372.78        340.161        298.300        18.1520        20.4500       0.190927    
 1    1372.78        319.606        276.250        22.0335        23.2000       0.190927    
 1    1372.78        299.633        254.550        26.4968        26.6500       0.190927    
 1    1372.78        280.283        233.400        31.5835        30.0000       0.190927    
 1    1372.78        265.278        216.500        36.1276        33.5000       0.190927    
 1    1376.51        343.269        301.750        17.6763        19.6500       0.181269    
 1    1376.51        322.634        279.650        21.4810        22.6900       0.181269    
 1    1376.51        302.574        258.100        25.8611        25.5500       0.181269    
 1    1376.51        283.131        236.550        30.8586        30.0000       0.181269    
 1    1376.51        268.048        219.800        35.3272        32.4000       0.181269    
 1    1362.66        330.562        291.200        18.9656        22.4000       0.185134    
 1    1362.66        310.162        269.600        23.0082        24.3900       0.185134    
 1    1362.66        290.362        247.950        27.6518        29.0000       0.185134    
 1    1362.66        271.205        227.000        32.9381        32.9000       0.185134    
 1    1362.66        256.368        210.700        37.6556        36.4000       0.185134    
 1    1350.52        319.472        280.300        20.1617        25.5000       0.256330    
 1    1350.52        299.287        258.850        24.4231        29.0000       0.256330    
 1    1350.52        279.726        237.700        29.3084        33.5000       0.256330    
 1    1350.52        260.829        217.100        34.8590        37.2000       0.256330    
 1    1350.52        246.217        200.750        39.8036        41.0500       0.256330    
 1    1338.31        308.400        269.950        21.4455        28.4500       0.306541    
 1    1338.31        288.443        247.850        25.9383        30.8600       0.306541    
 1    1338.31        269.133        227.150        31.0786        36.5000       0.306541    
 1    1338.31        250.511        206.950        36.9070        41.2500       0.306541    
 1    1338.31        236.134        190.850        42.0896        45.4500       0.306541    
