           1  0.000000000000000E+000
           2  0.181942855714698     
           3  0.139672423437937     
           4  9.950380281497919E-003
           5   1.05099004084662     
           6 -0.202970179889074     
           7  0.000000000000000E+000
           8  4.706732666264172E-002
           9  0.000000000000000E+000
          10  0.000000000000000E+000
          11  0.000000000000000E+000
          12  0.000000000000000E+000
           1  0.000000000000000E+000
           2  0.181897221796547     
           3  0.140714757252351     
           4  9.953106210966912E-003
           5   1.04830313257366     
           6 -0.203432337014375     
           7  0.000000000000000E+000
           8  4.564061873366627E-002
           9  0.000000000000000E+000
          10  0.000000000000000E+000
          11  0.000000000000000E+000
          12  0.000000000000000E+000
           1  0.000000000000000E+000
           2  0.182012386174943     
           3  0.142573003070871     
           4  9.958224597735156E-003
           5   1.04297004855816     
           6 -0.206294905130892     
           7  0.000000000000000E+000
           8  4.508793340152650E-002
           9  0.000000000000000E+000
          10  0.000000000000000E+000
          11  0.000000000000000E+000
          12  0.000000000000000E+000
           1  0.000000000000000E+000
           2  0.182085563471716     
           3  0.143882923005878     
           4  9.962081035781485E-003
           5   1.03900476804057     
           6 -0.208195102212059     
           7  0.000000000000000E+000
           8  4.522619318900475E-002
           9  0.000000000000000E+000
          10  0.000000000000000E+000
          11  0.000000000000000E+000
          12  0.000000000000000E+000
           1  0.000000000000000E+000
           2  0.182198677055037     
           3  0.144273378156269     
           4  9.963257604938896E-003
           5   1.03764880635464     
           6 -0.209892510008052     
           7  0.000000000000000E+000
           8  4.417675361755664E-002
           9  0.000000000000000E+000
          10  0.000000000000000E+000
          11  0.000000000000000E+000
          12  0.000000000000000E+000
           1  0.000000000000000E+000
           2  0.182334849238027     
           3  0.145191854771036     
           4  9.965909017868998E-003
           5   1.03476516245248     
           6 -0.212248880192191     
           7  0.000000000000000E+000
           8  4.341146300466010E-002
           9  0.000000000000000E+000
          10  0.000000000000000E+000
          11  0.000000000000000E+000
          12  0.000000000000000E+000
           1  0.000000000000000E+000
           2  0.182314380078458     
           3  0.145790300451206     
           4  9.967875756247677E-003
           5   1.03285993764197     
           6 -0.212439833588918     
           7  0.000000000000000E+000
           8  4.421245600305927E-002
           9  0.000000000000000E+000
          10  0.000000000000000E+000
          11  0.000000000000000E+000
          12  0.000000000000000E+000
           1  0.000000000000000E+000
           2  0.182300352761310     
           3  0.145642884230919     
           4  9.967446764497154E-003
           5   1.03331342534852     
           6 -0.212078702469913     
           7  0.000000000000000E+000
           8  4.442650441975236E-002
           9  0.000000000000000E+000
          10  0.000000000000000E+000
          11  0.000000000000000E+000
          12  0.000000000000000E+000
           1  0.000000000000000E+000
           2  0.182290568743327     
           3  0.144886459386217     
           4  9.965394349712409E-003
           5   1.03541645292460     
           6 -0.211413694969012     
           7  0.000000000000000E+000
           8  4.406968329389663E-002
           9  0.000000000000000E+000
          10  0.000000000000000E+000
          11  0.000000000000000E+000
          12  0.000000000000000E+000
           1  0.000000000000000E+000
           2  0.182296030068875     
           3  0.144225504667474     
           4  9.964138584095656E-003
           5   1.03678330466905     
           6 -0.211077277733648     
           7  0.000000000000000E+000
           8  4.398835943027567E-002
           9  0.000000000000000E+000
          10  0.000000000000000E+000
          11  0.000000000000000E+000
          12  0.000000000000000E+000
           1  0.000000000000000E+000
           2  0.182295398143915     
           3  0.143595209869193     
           4  9.962450603560661E-003
           5   1.03850138206970     
           6 -0.210655196819977     
           7  0.000000000000000E+000
           8  4.356943391942048E-002
           9  0.000000000000000E+000
          10  0.000000000000000E+000
          11  0.000000000000000E+000
          12  0.000000000000000E+000
           1  0.000000000000000E+000
           2  0.182308190514729     
           3  0.142409577229156     
           4  9.959301100660961E-003
           5   1.04168246661533     
           6 -0.209925415295049     
           7  0.000000000000000E+000
           8  4.368049807348921E-002
           9  0.000000000000000E+000
          10  0.000000000000000E+000
          11  0.000000000000000E+000
          12  0.000000000000000E+000
           1  0.000000000000000E+000
           2  0.182144951997955     
           3  0.141036892025371     
           4  9.956231066170702E-003
           5   1.04517501522084     
           6 -0.207117630207757     
           7  0.000000000000000E+000
           8  4.417487922913808E-002
           9  0.000000000000000E+000
          10  0.000000000000000E+000
          11  0.000000000000000E+000
          12  0.000000000000000E+000
           1  0.000000000000000E+000
           2  0.181883701884710     
           3  0.138820501010471     
           4  9.950699597918590E-003
           5   1.05127368703886     
           6 -0.202445619235894     
           7  0.000000000000000E+000
           8  4.497898818505098E-002
           9  0.000000000000000E+000
          10  0.000000000000000E+000
          11  0.000000000000000E+000
          12  0.000000000000000E+000
           1  0.000000000000000E+000
           2  0.181756310764288     
           3  0.137216321817892     
           4  9.946083220801453E-003
           5   1.05607476186136     
           6 -0.199595377063702     
           7  0.000000000000000E+000
           8  4.571390878552348E-002
           9  0.000000000000000E+000
          10  0.000000000000000E+000
          11  0.000000000000000E+000
          12  0.000000000000000E+000
           1  0.000000000000000E+000
           2  0.181713654117096     
           3  0.135594552341456     
           4  9.941332896434018E-003
           5   1.06083517938668     
           6 -0.197707639394591     
           7  0.000000000000000E+000
           8  4.560303532611183E-002
           9  0.000000000000000E+000
          10  0.000000000000000E+000
          11  0.000000000000000E+000
          12  0.000000000000000E+000
           1  0.000000000000000E+000
           2  0.181758221876210     
           3  0.134146025485872     
           4  9.936455810670080E-003
           5   1.06543306668196     
           6 -0.196776040444314     
           7  0.000000000000000E+000
           8  4.641033992990329E-002
           9  0.000000000000000E+000
          10  0.000000000000000E+000
          11  0.000000000000000E+000
          12  0.000000000000000E+000
           1  0.000000000000000E+000
           2  0.181832301532854     
           3  0.132875565618445     
           4  9.932005064928232E-003
           5   1.06952322114496     
           6 -0.196324003783860     
           7  0.000000000000000E+000
           8  4.673279791725098E-002
           9  0.000000000000000E+000
          10  0.000000000000000E+000
          11  0.000000000000000E+000
          12  0.000000000000000E+000
           1  0.000000000000000E+000
           2  0.181859139147542     
           3  0.131970916555400     
           4  9.928725881371345E-003
           5   1.07255770659810     
           6 -0.195774016406349     
           7  0.000000000000000E+000
           8  4.633462419185373E-002
           9  0.000000000000000E+000
          10  0.000000000000000E+000
          11  0.000000000000000E+000
          12  0.000000000000000E+000
           1  0.000000000000000E+000
           2  0.181834669339512     
           3  0.131437029898170     
           4  9.926880547348632E-003
           5   1.07434670649330     
           6 -0.195136097823443     
           7  0.000000000000000E+000
           8  4.510965585378736E-002
           9  0.000000000000000E+000
          10  0.000000000000000E+000
          11  0.000000000000000E+000
          12  0.000000000000000E+000
           1  0.000000000000000E+000
           2  0.181815526429806     
           3  0.130777172039077     
           4  9.924585059903320E-003
           5   1.07654834756586     
           6 -0.194472180451481     
           7  0.000000000000000E+000
           8  4.428574748945151E-002
           9  0.000000000000000E+000
          10  0.000000000000000E+000
          11  0.000000000000000E+000
          12  0.000000000000000E+000
           1  0.000000000000000E+000
           2  0.181766968974157     
           3  0.130576058705224     
           4  9.923643282587423E-003
           5   1.07748475755369     
           6 -0.193869641814167     
           7  0.000000000000000E+000
           8  4.344308119597935E-002
           9  0.000000000000000E+000
          10  0.000000000000000E+000
          11  0.000000000000000E+000
          12  0.000000000000000E+000
           1  0.000000000000000E+000
           2  0.181801054697262     
           3  0.130492224844020     
           4  9.923115572337732E-003
           5   1.07788907024709     
           6 -0.194411574803218     
           7  0.000000000000000E+000
           8  4.211414438033919E-002
           9  0.000000000000000E+000
          10  0.000000000000000E+000
          11  0.000000000000000E+000
          12  0.000000000000000E+000
           1  0.000000000000000E+000
           2  0.181939673208188     
           3  0.130311605371902     
           4  9.922783325562998E-003
           5   1.07801532803090     
           6 -0.196095735527996     
           7  0.000000000000000E+000
           8  4.124992220276495E-002
           9  0.000000000000000E+000
          10  0.000000000000000E+000
          11  0.000000000000000E+000
          12  0.000000000000000E+000
           1  0.000000000000000E+000
           2  0.181988217913682     
           3  0.130139738901979     
           4  9.922405792674853E-003
           5   1.07832518726570     
           6 -0.196724815821994     
           7  0.000000000000000E+000
           8  4.042468509667776E-002
           9  0.000000000000000E+000
          10  0.000000000000000E+000
          11  0.000000000000000E+000
          12  0.000000000000000E+000
           1  0.000000000000000E+000
           2  0.181988288064695     
           3  0.130140504620850     
           4  9.922126674479097E-003
           5   1.07853868173172     
           6 -0.196875936136375     
           7  0.000000000000000E+000
           8  3.942973661153554E-002
           9  0.000000000000000E+000
          10  0.000000000000000E+000
          11  0.000000000000000E+000
          12  0.000000000000000E+000
           1  0.000000000000000E+000
           2  0.181989658784391     
           3  0.130502966621599     
           4  9.923367702258882E-003
           5   1.07736882107113     
           6 -0.197390126188756     
           7  0.000000000000000E+000
           8  3.867311526628688E-002
           9  0.000000000000000E+000
          10  0.000000000000000E+000
          11  0.000000000000000E+000
          12  0.000000000000000E+000
           1  0.000000000000000E+000
           2  0.181978627433997     
           3  0.131071755647428     
           4  9.924930538756134E-003
           5   1.07585257396838     
           6 -0.197894709071742     
           7  0.000000000000000E+000
           8  3.833914357012371E-002
           9  0.000000000000000E+000
          10  0.000000000000000E+000
          11  0.000000000000000E+000
          12  0.000000000000000E+000
           1  0.000000000000000E+000
           2  0.181804212237906     
           3  0.131395991218647     
           4  9.925465735214578E-003
           5   1.07554950208654     
           6 -0.196174420015093     
           7  0.000000000000000E+000
           8  3.721289451210011E-002
           9  0.000000000000000E+000
          10  0.000000000000000E+000
          11  0.000000000000000E+000
          12  0.000000000000000E+000
           1  0.000000000000000E+000
           2  0.181747384203749     
           3  0.132788051022901     
           4  9.929865340783984E-003
           5   1.07142662224857     
           6 -0.196858982445694     
           7  0.000000000000000E+000
           8  3.616267575198519E-002
           9  0.000000000000000E+000
          10  0.000000000000000E+000
          11  0.000000000000000E+000
          12  0.000000000000000E+000
           1  0.000000000000000E+000
           2  0.182019371421350     
           3  0.134733295924665     
           4  9.935897820470673E-003
           5   1.06513485909541     
           6 -0.201959488736373     
           7  0.000000000000000E+000
           8  3.573748138332489E-002
           9  0.000000000000000E+000
          10  0.000000000000000E+000
          11  0.000000000000000E+000
          12  0.000000000000000E+000
           1  0.000000000000000E+000
           2  0.182089770623737     
           3  0.135684905450295     
           4  9.938999866600233E-003
           5   1.06203552496800     
           6 -0.203701170922666     
           7  0.000000000000000E+000
           8  3.545754671158187E-002
           9  0.000000000000000E+000
          10  0.000000000000000E+000
          11  0.000000000000000E+000
          12  0.000000000000000E+000
           1  0.000000000000000E+000
           2  0.182311663731627     
           3  0.136979987459952     
           4  9.943052663498065E-003
           5   1.05773118671232     
           6 -0.207565055610251     
           7  0.000000000000000E+000
           8  3.497269979871841E-002
           9  0.000000000000000E+000
          10  0.000000000000000E+000
          11  0.000000000000000E+000
          12  0.000000000000000E+000
           1  0.000000000000000E+000
           2  0.182445138910064     
           3  0.137664139387675     
           4  9.945449427903002E-003
           5   1.05522797023427     
           6 -0.209795516484217     
           7  0.000000000000000E+000
           8  3.488830778379765E-002
           9  0.000000000000000E+000
          10  0.000000000000000E+000
          11  0.000000000000000E+000
          12  0.000000000000000E+000
           1  0.000000000000000E+000
           2  0.182497624492469     
           3  0.138095330083022     
           4  9.946795080722194E-003
           5   1.05382914824581     
           6 -0.210704239054301     
           7  0.000000000000000E+000
           8  3.534687026405649E-002
           9  0.000000000000000E+000
          10  0.000000000000000E+000
          11  0.000000000000000E+000
          12  0.000000000000000E+000
           1  0.000000000000000E+000
           2  0.182547401626755     
           3  0.138232533681752     
           4  9.947126716868131E-003
           5   1.05340249359208     
           6 -0.211305400377556     
           7  0.000000000000000E+000
           8  3.594300821470638E-002
           9  0.000000000000000E+000
          10  0.000000000000000E+000
          11  0.000000000000000E+000
          12  0.000000000000000E+000
           1  0.000000000000000E+000
           2  0.182507780994896     
           3  0.137778290217514     
           4  9.945904045553679E-003
           5   1.05469479953363     
           6 -0.210396816089580     
           7  0.000000000000000E+000
           8  3.644958770970627E-002
           9  0.000000000000000E+000
          10  0.000000000000000E+000
          11  0.000000000000000E+000
          12  0.000000000000000E+000
           1  0.000000000000000E+000
           2  0.182579668764722     
           3  0.137810198760935     
           4  9.945977232349220E-003
           5   1.05449652266011     
           6 -0.211331773766202     
           7  0.000000000000000E+000
           8  3.611171893514615E-002
           9  0.000000000000000E+000
          10  0.000000000000000E+000
          11  0.000000000000000E+000
          12  0.000000000000000E+000
           1  0.000000000000000E+000
           2  0.182585153814393     
           3  0.137230715980507     
           4  9.944182151013567E-003
           5   1.05623625800359     
           6 -0.211016488836464     
           7  0.000000000000000E+000
           8  3.572485796781450E-002
           9  0.000000000000000E+000
          10  0.000000000000000E+000
          11  0.000000000000000E+000
          12  0.000000000000000E+000
           1  0.000000000000000E+000
           2  0.182610747009615     
           3  0.136732002487211     
           4  9.942712073489341E-003
           5   1.05763993567995     
           6 -0.211252962916951     
           7  0.000000000000000E+000
           8  3.466504175528007E-002
           9  0.000000000000000E+000
          10  0.000000000000000E+000
          11  0.000000000000000E+000
          12  0.000000000000000E+000
           1  0.000000000000000E+000
           2  0.182630309669089     
           3  0.136385866607060     
           4  9.941550256727234E-003
           5   1.05872212403616     
           6 -0.211461131160308     
           7  0.000000000000000E+000
           8  3.393718712383674E-002
           9  0.000000000000000E+000
          10  0.000000000000000E+000
          11  0.000000000000000E+000
          12  0.000000000000000E+000
           1  0.000000000000000E+000
           2  0.182673786619601     
           3  0.135589967661212     
           4  9.939226228528351E-003
           5   1.06093458035494     
           6 -0.211605533900441     
           7  0.000000000000000E+000
           8  3.329486488307475E-002
           9  0.000000000000000E+000
          10  0.000000000000000E+000
          11  0.000000000000000E+000
          12  0.000000000000000E+000
           1  0.000000000000000E+000
           2  0.182444595282127     
           3  0.134055622552402     
           4  9.935722197309389E-003
           5   1.06496413373417     
           6 -0.207758255352177     
           7  0.000000000000000E+000
           8  3.377117832252322E-002
           9  0.000000000000000E+000
          10  0.000000000000000E+000
          11  0.000000000000000E+000
          12  0.000000000000000E+000
           1  0.000000000000000E+000
           2  0.182403891957404     
           3  0.132601377269900     
           4  9.931269508012413E-003
           5   1.06935821887672     
           6 -0.206042587112028     
           7  0.000000000000000E+000
           8  3.387429085699806E-002
           9  0.000000000000000E+000
          10  0.000000000000000E+000
          11  0.000000000000000E+000
          12  0.000000000000000E+000
           1  0.000000000000000E+000
           2  0.182395972687622     
           3  0.132304658844058     
           4  9.929926335884626E-003
           5   1.07059136249830     
           6 -0.205550294658236     
           7  0.000000000000000E+000
           8  3.438578748221649E-002
           9  0.000000000000000E+000
          10  0.000000000000000E+000
          11  0.000000000000000E+000
          12  0.000000000000000E+000
           1  0.000000000000000E+000
           2  0.182346683565410     
           3  0.130861792323920     
           4  9.925347498814093E-003
           5   1.07506459775949     
           6 -0.203494901355094     
           7  0.000000000000000E+000
           8  3.472887446849723E-002
           9  0.000000000000000E+000
          10  0.000000000000000E+000
          11  0.000000000000000E+000
          12  0.000000000000000E+000
           1  0.000000000000000E+000
           2  0.182462930694279     
           3  0.130923742483306     
           4  9.924620996455033E-003
           5   1.07537301581277     
           6 -0.204620505359745     
           7  0.000000000000000E+000
           8  3.556371334752421E-002
           9  0.000000000000000E+000
          10  0.000000000000000E+000
          11  0.000000000000000E+000
          12  0.000000000000000E+000
           1  0.000000000000000E+000
           2  0.182523448171546     
           3  0.131738534768987     
           4  9.926354123434936E-003
           5   1.07344382256224     
           6 -0.205741192212837     
           7  0.000000000000000E+000
           8  3.638502086266190E-002
           9  0.000000000000000E+000
          10  0.000000000000000E+000
          11  0.000000000000000E+000
          12  0.000000000000000E+000
           1  0.000000000000000E+000
           2  0.182590255192069     
           3  0.132884861386487     
           4  9.930539134996785E-003
           5   1.06941809650696     
           6 -0.207466330801020     
           7  0.000000000000000E+000
           8  3.687750756253444E-002
           9  0.000000000000000E+000
          10  0.000000000000000E+000
          11  0.000000000000000E+000
          12  0.000000000000000E+000
           1  0.000000000000000E+000
           2  0.182569712053540     
           3  0.133705668709691     
           4  9.933461385216422E-003
           5   1.06670501121987     
           6 -0.207740744369915     
           7  0.000000000000000E+000
           8  3.783306461985188E-002
           9  0.000000000000000E+000
          10  0.000000000000000E+000
          11  0.000000000000000E+000
          12  0.000000000000000E+000
           1  0.000000000000000E+000
           2  0.182437653085773     
           3  0.132436571813267     
           4  9.930068123278563E-003
           5   1.07030253391100     
           6 -0.205074546586285     
           7  0.000000000000000E+000
           8  3.804998443375449E-002
           9  0.000000000000000E+000
          10  0.000000000000000E+000
          11  0.000000000000000E+000
          12  0.000000000000000E+000
           1  0.000000000000000E+000
           2  0.182139473161162     
           3  0.132034640801116     
           4  9.930234917152270E-003
           5   1.07091180404320     
           6 -0.201096731054321     
           7  0.000000000000000E+000
           8  3.938866977189778E-002
           9  0.000000000000000E+000
          10  0.000000000000000E+000
          11  0.000000000000000E+000
          12  0.000000000000000E+000
           1  0.000000000000000E+000
           2  0.182003149907650     
           3  0.129838920658221     
           4  9.923664344032860E-003
           5   1.07752820293262     
           6 -0.197466260480026     
           7  0.000000000000000E+000
           8  4.026782595446872E-002
           9  0.000000000000000E+000
          10  0.000000000000000E+000
          11  0.000000000000000E+000
          12  0.000000000000000E+000
           1  0.000000000000000E+000
           2  0.182223290644306     
           3  0.126270623707839     
           4  9.911480832089491E-003
           5   1.08859330268997     
           6 -0.196791327716084     
           7  0.000000000000000E+000
           8  3.938446651079654E-002
           9  0.000000000000000E+000
          10  0.000000000000000E+000
          11  0.000000000000000E+000
          12  0.000000000000000E+000
           1  0.000000000000000E+000
           2  0.182250603467665     
           3  0.124175890987899     
           4  9.903679079048310E-003
           5   1.09570943484938     
           6 -0.195067682136873     
           7  0.000000000000000E+000
           8  3.920357987149653E-002
           9  0.000000000000000E+000
          10  0.000000000000000E+000
          11  0.000000000000000E+000
          12  0.000000000000000E+000
           1  0.000000000000000E+000
           2  0.182407673760924     
           3  0.121116597141556     
           4  9.891469444536316E-003
           5   1.10641306611674     
           6 -0.194086526298478     
           7  0.000000000000000E+000
           8  3.732663291641650E-002
           9  0.000000000000000E+000
          10  0.000000000000000E+000
          11  0.000000000000000E+000
          12  0.000000000000000E+000
           1  0.000000000000000E+000
           2  0.182444206379613     
           3  0.119051697678309     
           4  9.883017278308311E-003
           5   1.11386138947367     
           6 -0.192495113088219     
           7  0.000000000000000E+000
           8  3.664715473303157E-002
           9  0.000000000000000E+000
          10  0.000000000000000E+000
          11  0.000000000000000E+000
          12  0.000000000000000E+000
           1  0.000000000000000E+000
           2  0.182324619196052     
           3  0.117757108311270     
           4  9.877353923116051E-003
           5   1.11903693885645     
           6 -0.189830038788577     
           7  0.000000000000000E+000
           8  3.629271896061437E-002
           9  0.000000000000000E+000
          10  0.000000000000000E+000
          11  0.000000000000000E+000
          12  0.000000000000000E+000
           1  0.000000000000000E+000
           2  0.182253279209766     
           3  0.116280433968030     
           4  9.871152295836006E-003
           5   1.12461224486264     
           6 -0.187574868959534     
           7  0.000000000000000E+000
           8  3.532705782253542E-002
           9  0.000000000000000E+000
          10  0.000000000000000E+000
          11  0.000000000000000E+000
          12  0.000000000000000E+000
           1  0.000000000000000E+000
           2  0.181974908163227     
           3  0.115663789379313     
           4  9.869550174154047E-003
           5   1.12667602454424     
           6 -0.183443438688116     
           7  0.000000000000000E+000
           8  3.669648733684548E-002
           9  0.000000000000000E+000
          10  0.000000000000000E+000
          11  0.000000000000000E+000
          12  0.000000000000000E+000
