 1    1365.51        290.408        294.150        22.8347        25.2000       0.472004E-01
 1    1365.51        275.990        272.450        26.6937        30.0000       0.472004E-01
 1    1365.51        261.988        251.250        30.9692        33.4500       0.472004E-01
 1    1365.51        248.417        230.700        35.6750        36.4000       0.472004E-01
 1    1365.51        237.877        214.150        39.7573        39.6000       0.472004E-01
 1    1374.02        296.150        304.150        22.0115        24.6500       0.343969E-01
 1    1374.02        281.622        282.300        25.7610        27.7000       0.343969E-01
 1    1374.02        267.505        260.800        29.9202        32.0000       0.343969E-01
 1    1374.02        253.811        239.650        34.5034        35.6000       0.343969E-01
 1    1374.02        243.169        223.200        38.4835        38.3500       0.343969E-01
 1    1374.02        296.150        304.150        22.0115        24.6500       0.343969E-01
 1    1374.02        281.622        282.300        25.7610        27.7000       0.343969E-01
 1    1374.02        267.505        260.800        29.9202        32.0000       0.343969E-01
 1    1374.02        253.811        239.650        34.5034        35.6000       0.343969E-01
 1    1374.02        243.169        223.200        38.4835        38.3500       0.343969E-01
 1    1367.58        291.802        297.900        22.6319        25.8000       0.458043E-01
 1    1367.58        277.357        276.200        26.4640        29.0000       0.458043E-01
 1    1367.58        263.327        254.900        30.7109        33.0000       0.458043E-01
 1    1367.58        249.726        233.600        35.3867        37.0000       0.458043E-01
 1    1367.58        239.161        217.800        39.4440        40.3000       0.458043E-01
 1    1354.68        283.142        288.050        23.9240        25.9000       0.298302E-01
 1    1354.68        268.867        266.950        27.9261        30.0000       0.298302E-01
 1    1354.68        255.017        245.850        32.3532        33.1000       0.298302E-01
 1    1354.68        241.605        225.050        37.2185        37.3000       0.298302E-01
 1    1354.68        231.199        208.800        41.4337        41.1000       0.298302E-01
 1    1352.46        281.658        286.300        24.1532        26.1500       0.295705E-01
 1    1352.46        267.413        264.800        28.1852        29.1000       0.295705E-01
 1    1352.46        253.595        244.000        32.6439        34.5000       0.295705E-01
 1    1352.46        240.216        223.100        37.5424        37.7000       0.295705E-01
 1    1352.46        229.837        207.200        41.7852        41.3500       0.295705E-01
 1    1341.47        274.345        273.400        25.3184        27.7500       0.485904E-01
 1    1341.47        260.250        252.100        29.5008        31.3500       0.485904E-01
 1    1341.47        246.591        231.450        34.1185        34.8000       0.485904E-01
 1    1341.47        233.379        211.150        39.1838        40.1500       0.485904E-01
 1    1341.47        223.139        195.550        43.5653        44.1000       0.485904E-01
 1    1341.45        274.332        274.200        25.3206        26.8000       0.398580E-01
 1    1341.45        260.237        252.900        29.5032        30.3000       0.398580E-01
 1    1341.45        246.578        231.950        34.1212        34.3000       0.398580E-01
 1    1341.45        233.366        211.500        39.1869        38.7500       0.398580E-01
 1    1341.45        223.126        195.400        43.5686        42.8000       0.398580E-01
 1    1334.76        269.905        267.300        26.0553        27.9000       0.688461E-01
 1    1334.76        255.904        246.100        30.3317        35.0000       0.688461E-01
 1    1334.76        242.344        225.500        35.0486        36.3500       0.688461E-01
 1    1334.76        229.236        205.250        40.2178        40.1500       0.688461E-01
 1    1334.76        219.082        189.450        44.6855        44.5000       0.688461E-01
 1    1356.78        284.547        286.350        23.7091        23.4500       0.426949E-01
 1    1356.78        270.244        264.400        27.6831        27.2400       0.426949E-01
 1    1356.78        256.364        243.250        32.0805        31.2000       0.426949E-01
 1    1356.78        242.921        222.450        36.9145        34.3500       0.426949E-01
 1    1356.78        232.489        205.750        41.1037        37.9000       0.426949E-01
 1    1353.64        282.447        281.500        24.0311        23.6500       0.567146E-01
 1    1353.64        268.186        259.800        28.0472        26.7500       0.567146E-01
 1    1353.64        254.350        238.500        32.4891        30.5500       0.567146E-01
 1    1353.64        240.954        217.750        37.3699        34.7000       0.567146E-01
 1    1353.64        230.560        201.750        41.5981        38.4000       0.567146E-01
 1    1363.67        289.170        290.200        23.0164        21.3000       0.946085E-01
 1    1363.67        274.776        268.400        26.8994        25.8500       0.946085E-01
 1    1363.67        260.800        246.700        31.2004        27.8500       0.946085E-01
 1    1363.67        247.255        225.600        35.9330        31.6000       0.946085E-01
 1    1363.67        236.738        208.750        40.0377        34.8500       0.946085E-01
 1    1372.78        295.312        298.300        22.1297        20.4500       0.108781    
 1    1372.78        280.800        276.250        25.8950        23.2000       0.108781    
 1    1372.78        266.699        254.550        30.0709        26.6500       0.108781    
 1    1372.78        253.023        233.400        34.6719        30.0000       0.108781    
 1    1372.78        242.396        216.500        38.6668        33.5000       0.108781    
 1    1376.51        297.836        301.750        21.7760        19.6500       0.124153    
 1    1376.51        283.276        279.650        25.4938        22.6900       0.124153    
 1    1376.51        269.125        258.100        29.6195        25.5500       0.124153    
 1    1376.51        255.396        236.550        34.1674        30.0000       0.124153    
 1    1376.51        244.725        219.800        38.1179        32.4000       0.124153    
 1    1362.66        288.491        291.200        23.1168        22.4000       0.640080E-01
 1    1362.66        274.110        269.600        27.0130        24.3900       0.640080E-01
 1    1362.66        260.148        247.950        31.3280        29.0000       0.640080E-01
 1    1362.66        246.618        227.000        36.0754        32.9000       0.640080E-01
 1    1362.66        236.114        210.700        40.1924        36.4000       0.640080E-01
 1    1350.52        280.364        280.300        24.3552        25.5000       0.377676E-01
 1    1350.52        266.145        258.850        28.4134        29.0000       0.377676E-01
 1    1350.52        252.354        237.700        32.8998        33.5000       0.377676E-01
 1    1350.52        239.005        217.100        37.8275        37.2000       0.377676E-01
 1    1350.52        228.650        200.750        42.0946        41.0500       0.377676E-01
 1    1338.31        272.251        269.950        25.6630        28.4500       0.628235E-01
 1    1338.31        258.201        247.850        29.8895        30.8600       0.628235E-01
 1    1338.31        244.588        227.150        34.5536        36.5000       0.628235E-01
 1    1338.31        231.425        206.950        39.6677        41.2500       0.628235E-01
 1    1338.31        221.225        190.850        44.0896        45.4500       0.628235E-01
