 1    1365.51        284.889        294.150        13.9612        25.2000       0.550192    
 1    1365.51        263.893        272.450        17.8992        30.0000       0.550192    
 1    1365.51        243.649        251.250        22.5881        33.4500       0.550192    
 1    1365.51        224.217        230.700        28.0899        36.4000       0.550192    
 1    1365.51        209.294        214.150        33.1136        39.6000       0.550192    
 1    1374.02        292.410        304.150        13.1116        24.6500       0.586739    
 1    1374.02        271.223        282.300        16.8588        27.7000       0.586739    
 1    1374.02        250.765        260.800        21.3342        32.0000       0.586739    
 1    1374.02        231.098        239.650        26.6010        35.6000       0.586739    
 1    1374.02        215.972        223.200        31.4223        38.3500       0.586739    
 1    1374.02        292.410        304.150        13.1116        24.6500       0.586739    
 1    1374.02        271.223        282.300        16.8588        27.7000       0.586739    
 1    1374.02        250.765        260.800        21.3342        32.0000       0.586739    
 1    1374.02        231.098        239.650        26.6010        35.6000       0.586739    
 1    1374.02        215.972        223.200        31.4223        38.3500       0.586739    
 1    1367.58        286.714        297.900        13.7501        25.8000       0.581984    
 1    1367.58        265.671        276.200        17.6411        29.0000       0.581984    
 1    1367.58        245.374        254.900        22.2773        33.0000       0.581984    
 1    1367.58        225.884        233.600        27.7213        37.0000       0.581984    
 1    1367.58        210.911        217.800        32.6952        40.3000       0.581984    
 1    1354.68        275.389        288.050        15.1136        25.9000       0.437677    
 1    1354.68        254.647        266.950        19.3053        30.0000       0.437677    
 1    1354.68        234.685        245.850        24.2766        33.1000       0.437677    
 1    1354.68        215.563        225.050        30.0882        37.3000       0.437677    
 1    1354.68        200.906        208.800        35.3777        41.1000       0.437677    
 1    1352.46        273.452        286.300        15.3601        26.1500       0.421836    
 1    1352.46        252.764        264.800        19.6053        29.1000       0.421836    
 1    1352.46        232.861        244.000        24.6361        34.5000       0.421836    
 1    1352.46        213.804        223.100        30.5126        37.7000       0.421836    
 1    1352.46        199.202        207.200        35.8577        41.3500       0.421836    
 1    1341.47        263.917        273.400        16.6337        27.7500       0.379937    
 1    1341.47        243.501        252.100        21.1516        31.3500       0.379937    
 1    1341.47        223.900        231.450        26.4842        34.8000       0.379937    
 1    1341.47        205.172        211.150        32.6897        40.1500       0.379937    
 1    1341.47        190.851        195.550        38.3156        44.1000       0.379937    
 1    1341.45        263.899        274.200        16.6361        26.8000       0.327643    
 1    1341.45        243.484        252.900        21.1545        30.3000       0.327643    
 1    1341.45        223.883        231.950        26.4876        34.3000       0.327643    
 1    1341.45        205.156        211.500        32.6938        38.7500       0.327643    
 1    1341.45        190.835        195.400        38.3202        42.8000       0.327643    
 1    1334.76        258.140        267.300        17.4568        27.9000       0.369841    
 1    1334.76        237.897        246.100        22.1474        35.0000       0.369841    
 1    1334.76        218.486        225.500        27.6706        36.3500       0.369841    
 1    1334.76        199.965        205.250        34.0830        40.1500       0.369841    
 1    1334.76        185.820        189.450        39.8849        44.5000       0.369841    
 1    1356.78        277.225        286.350        14.8837        23.4500       0.306569    
 1    1356.78        256.433        264.400        19.0253        27.2400       0.306569    
 1    1356.78        236.415        243.250        23.9409        31.2000       0.306569    
 1    1356.78        217.232        222.450        29.6915        34.3500       0.306569    
 1    1356.78        202.522        205.750        34.9287        37.9000       0.306569    
 1    1353.64        274.481        281.500        15.2286        23.6500       0.264597    
 1    1353.64        253.764        259.800        19.4453        26.7500       0.264597    
 1    1353.64        233.830        238.500        24.4444        30.5500       0.264597    
 1    1353.64        214.738        217.750        30.2864        34.7000       0.264597    
 1    1353.64        200.107        201.750        35.6019        38.4000       0.264597    
 1    1363.67        283.269        290.200        14.1512        21.3000       0.247056    
 1    1363.67        262.316        268.400        18.1315        25.8500       0.247056    
 1    1363.67        242.118        246.700        22.8675        27.8500       0.247056    
 1    1363.67        222.738        225.600        28.4211        31.6000       0.247056    
 1    1363.67        207.860        208.750        33.4894        34.8500       0.247056    
 1    1372.78        291.311        298.300        13.2324        20.4500       0.248906    
 1    1372.78        270.152        276.250        17.0070        23.2000       0.248906    
 1    1372.78        249.724        254.550        21.5130        26.6500       0.248906    
 1    1372.78        230.091        233.400        26.8136        30.0000       0.248906    
 1    1372.78        214.995        216.500        31.6641        33.5000       0.248906    
 1    1376.51        294.619        301.750        12.8719        19.6500       0.243871    
 1    1376.51        273.378        279.650        16.5648        22.6900       0.243871    
 1    1376.51        252.859        258.100        20.9791        25.5500       0.243871    
 1    1376.51        233.125        236.550        26.1785        30.0000       0.243871    
 1    1376.51        217.941        219.800        30.9417        32.4000       0.243871    
 1    1362.66        282.381        291.200        14.2566        22.4000       0.263732    
 1    1362.66        261.451        269.600        18.2602        24.3900       0.263732    
 1    1362.66        241.279        247.950        23.0222        29.0000       0.263732    
 1    1362.66        221.928        227.000        28.6044        32.9000       0.263732    
 1    1362.66        207.074        210.700        33.6971        36.4000       0.263732    
 1    1350.52        271.762        280.300        15.5784        25.5000       0.361126    
 1    1350.52        251.121        258.850        19.8708        29.0000       0.361126    
 1    1350.52        231.271        237.700        24.9539        33.5000       0.361126    
 1    1350.52        212.271        217.100        30.8876        37.2000       0.361126    
 1    1350.52        197.718        200.750        36.2816        41.0500       0.361126    
 1    1338.31        261.192        269.950        17.0170        28.4500       0.378134    
 1    1338.31        240.857        247.850        21.6156        30.8600       0.378134    
 1    1338.31        221.345        227.150        27.0373        36.5000       0.378134    
 1    1338.31        202.713        206.950        33.3397        41.2500       0.378134    
 1    1338.31        188.475        190.850        39.0481        45.4500       0.378134    
