 1    1365.51        318.195        294.150        23.4217        25.2000       0.808622E-01
 1    1365.51        297.622        272.450        27.7821        30.0000       0.808622E-01
 1    1365.51        277.629        251.250        32.7237        33.4500       0.808622E-01
 1    1365.51        258.258        230.700        38.2862        36.4000       0.808622E-01
 1    1365.51        243.234        214.150        43.2087        39.6000       0.808622E-01
 1    1374.02        325.437        304.150        22.1877        24.6500       0.639845E-01
 1    1374.02        304.687        282.300        26.3713        27.7000       0.639845E-01
 1    1374.02        284.504        260.800        31.1220        32.0000       0.639845E-01
 1    1374.02        264.928        239.650        36.4801        35.6000       0.639845E-01
 1    1374.02        249.731        223.200        41.2297        38.3500       0.639845E-01
 1    1374.02        325.082        304.150        21.8766        24.6500       0.653029E-01
 1    1374.02        304.304        282.300        26.0319        27.7000       0.653029E-01
 1    1374.02        284.093        260.800        30.7550        32.0000       0.653029E-01
 1    1374.02        264.491        239.650        36.0868        35.6000       0.653029E-01
 1    1374.02        249.274        223.200        40.8165        38.3500       0.653029E-01
 1    1367.58        318.960        297.900        22.2457        25.8000       0.753555E-01
 1    1367.58        298.266        276.200        26.4849        29.0000       0.753555E-01
 1    1367.58        278.152        254.900        31.3040        33.0000       0.753555E-01
 1    1367.58        258.658        233.600        36.7443        37.0000       0.753555E-01
 1    1367.58        243.537        217.800        41.5701        40.3000       0.753555E-01
 1    1354.68        307.108        288.050        23.3503        25.9000       0.598693E-01
 1    1354.68        286.619        266.950        27.7949        30.0000       0.598693E-01
 1    1354.68        266.734        245.850        32.8436        33.1000       0.598693E-01
 1    1354.68        247.496        225.050        38.5381        37.3000       0.598693E-01
 1    1354.68        232.596        208.800        43.5851        41.1000       0.598693E-01
 1    1352.46        304.749        286.300        23.2591        26.1500       0.590777E-01
 1    1352.46        284.271        264.800        27.7146        29.1000       0.590777E-01
 1    1352.46        264.403        244.000        32.7794        34.5000       0.590777E-01
 1    1352.46        245.186        223.100        38.4957        37.7000       0.590777E-01
 1    1352.46        230.308        207.200        43.5645        41.3500       0.590777E-01
 1    1341.47        294.642        273.400        24.1974        27.7500       0.783338E-01
 1    1341.47        274.345        252.100        28.8336        31.3500       0.783338E-01
 1    1341.47        254.679        231.450        34.1009        34.8000       0.783338E-01
 1    1341.47        235.686        211.150        40.0420        40.1500       0.783338E-01
 1    1341.47        221.004        195.550        45.3068        44.1000       0.783338E-01
 1    1341.45        294.206        274.200        23.8283        26.8000       0.694703E-01
 1    1341.45        273.876        252.900        28.4323        30.3000       0.694703E-01
 1    1341.45        254.179        231.950        33.6687        34.3000       0.694703E-01
 1    1341.45        235.158        211.500        39.5808        38.7500       0.694703E-01
 1    1341.45        220.455        195.400        44.8242        42.8000       0.694703E-01
 1    1334.76        287.895        267.300        24.2605        27.9000       0.105533    
 1    1334.76        267.666        246.100        28.9650        35.0000       0.105533    
 1    1334.76        248.084        225.500        34.3163        36.3500       0.105533    
 1    1334.76        229.192        205.250        40.3582        40.1500       0.105533    
 1    1334.76        214.604        189.450        45.7163        44.5000       0.105533    
 1    1356.78        306.934        286.350        21.3126        23.4500       0.692257E-01
 1    1356.78        286.240        264.400        25.5526        27.2400       0.692257E-01
 1    1356.78        266.152        243.250        30.3976        31.2000       0.692257E-01
 1    1356.78        246.714        222.450        35.8925        34.3500       0.692257E-01
 1    1356.78        231.659        205.750        40.7848        37.9000       0.692257E-01
 1    1353.64        303.702        281.500        21.2729        23.6500       0.740526E-01
 1    1353.64        283.030        259.800        25.5351        26.7500       0.740526E-01
 1    1353.64        262.971        238.500        30.4095        30.5500       0.740526E-01
 1    1353.64        243.570        217.750        35.9416        34.7000       0.740526E-01
 1    1353.64        228.551        201.750        40.8696        38.4000       0.740526E-01
 1    1363.67        312.222        290.200        19.8075        21.3000       0.797554E-01
 1    1363.67        291.326        268.400        23.8454        25.8500       0.797554E-01
 1    1363.67        271.024        246.700        28.4768        27.8500       0.797554E-01
 1    1363.67        251.361        225.600        33.7479        31.6000       0.797554E-01
 1    1363.67        236.121        208.750        38.4548        34.8500       0.797554E-01
 1    1372.78        319.975        298.300        18.4973        20.4500       0.682267E-01
 1    1372.78        298.876        276.250        22.3329        23.2000       0.682267E-01
 1    1372.78        278.354        254.550        26.7450        26.6500       0.682267E-01
 1    1372.78        258.456        233.400        31.7801        30.0000       0.682267E-01
 1    1372.78        243.015        216.500        36.2871        33.5000       0.682267E-01
 1    1376.51        322.901        301.750        17.7449        19.6500       0.632448E-01
 1    1376.51        301.696        279.650        21.4745        22.6900       0.632448E-01
 1    1376.51        281.061        258.100        25.7736        25.5500       0.632448E-01
 1    1376.51        261.043        236.550        30.6897        30.0000       0.632448E-01
 1    1376.51        245.503        219.800        35.0976        32.4000       0.632448E-01
 1    1362.66        309.944        291.200        18.7010        22.4000       0.740733E-01
 1    1362.66        288.942        269.600        22.6337        24.3900       0.740733E-01
 1    1362.66        268.538        247.950        27.1641        29.0000       0.740733E-01
 1    1362.66        248.780        227.000        32.3407        32.9000       0.740733E-01
 1    1362.66        233.470        210.700        36.9783        36.4000       0.740733E-01
 1    1350.52        298.580        280.300        19.5390        25.5000       0.161656    
 1    1350.52        277.761        258.850        23.6553        29.0000       0.161656    
 1    1350.52        257.567        237.700        28.3952        33.5000       0.161656    
 1    1350.52        238.045        217.100        33.8083        37.2000       0.161656    
 1    1350.52        222.943        200.750        38.6547        41.0500       0.161656    
 1    1338.31        287.202        269.950        20.4336        28.4500       0.225370    
 1    1338.31        266.579        247.850        24.7456        30.8600       0.225370    
 1    1338.31        246.607        227.150        29.7086        36.5000       0.225370    
 1    1338.31        227.336        206.950        35.3729        41.2500       0.225370    
 1    1338.31        212.456        190.850        40.4409        45.4500       0.225370    
