 1    1365.51        313.605        294.150        22.8509        25.2000       0.956937E-01
 1    1365.51        293.629        272.450        27.8681        30.0000       0.956937E-01
 1    1365.51        274.365        251.250        33.5972        33.4500       0.956937E-01
 1    1365.51        255.846        230.700        40.0722        36.4000       0.956937E-01
 1    1365.51        241.588        214.150        45.8084        39.6000       0.956937E-01
 1    1374.02        320.689        304.150        21.4287        24.6500       0.761438E-01
 1    1374.02        300.488        282.300        26.2212        27.7000       0.761438E-01
 1    1374.02        280.985        260.800        31.7113        32.0000       0.761438E-01
 1    1374.02        262.215        239.650        37.9350        35.6000       0.761438E-01
 1    1374.02        247.748        223.200        43.4625        38.3500       0.761438E-01
 1    1374.02        320.349        304.150        21.0921        24.6500       0.758485E-01
 1    1374.02        300.108        282.300        25.8446        27.7000       0.758485E-01
 1    1374.02        280.565        260.800        31.2951        32.0000       0.758485E-01
 1    1374.02        261.757        239.650        37.4803        35.6000       0.758485E-01
 1    1374.02        247.260        223.200        42.9783        38.3500       0.758485E-01
 1    1367.58        314.367        297.900        21.5532        25.8000       0.799063E-01
 1    1367.58        294.226        276.200        26.4050        29.0000       0.799063E-01
 1    1367.58        274.794        254.900        31.9667        33.0000       0.799063E-01
 1    1367.58        256.108        233.600        38.2748        37.0000       0.799063E-01
 1    1367.58        241.718        217.800        43.8793        40.3000       0.799063E-01
 1    1354.68        302.789        288.050        22.8776        25.9000       0.725432E-01
 1    1354.68        282.895        266.950        27.9778        30.0000       0.725432E-01
 1    1354.68        263.736        245.850        33.8117        33.1000       0.725432E-01
 1    1354.68        245.345        225.050        40.4145        37.3000       0.725432E-01
 1    1354.68        231.205        208.800        46.2699        41.1000       0.725432E-01
 1    1352.46        300.503        286.300        22.8153        26.1500       0.678654E-01
 1    1352.46        280.620        264.800        27.9253        29.1000       0.678654E-01
 1    1352.46        261.474        244.000        33.7738        34.5000       0.678654E-01
 1    1352.46        243.103        223.100        40.3964        37.7000       0.678654E-01
 1    1352.46        228.983        207.200        46.2715        41.3500       0.678654E-01
 1    1341.47        290.656        273.400        23.9608        27.7500       0.802150E-01
 1    1341.47        270.989        252.100        29.2879        31.3500       0.802150E-01
 1    1341.47        252.082        231.450        35.3742        34.8000       0.802150E-01
 1    1341.47        233.968        211.150        42.2545        40.1500       0.802150E-01
 1    1341.47        220.067        195.550        48.3488        44.1000       0.802150E-01
 1    1341.45        290.261        274.200        23.5890        26.8000       0.782253E-01
 1    1341.45        270.552        252.900        28.8743        30.3000       0.782253E-01
 1    1341.45        251.604        231.950        34.9201        34.3000       0.782253E-01
 1    1341.45        233.452        211.500        41.7616        38.7500       0.782253E-01
 1    1341.45        219.522        195.400        47.8269        42.8000       0.782253E-01
 1    1334.76        284.139        267.300        24.1598        27.9000       0.102703    
 1    1334.76        264.550        246.100        29.5650        35.0000       0.102703    
 1    1334.76        245.735        225.500        35.7441        36.3500       0.102703    
 1    1334.76        227.729        205.250        42.7320        40.1500       0.102703    
 1    1334.76        213.925        189.450        48.9232        44.5000       0.102703    
 1    1356.78        302.803        286.350        20.8081        23.4500       0.834827E-01
 1    1356.78        282.649        264.400        25.6482        27.2400       0.834827E-01
 1    1356.78        263.228        243.250        31.2215        31.2000       0.834827E-01
 1    1356.78        244.580        222.450        37.5675        34.3500       0.834827E-01
 1    1356.78        230.240        205.750        43.2229        37.9000       0.834827E-01
 1    1353.64        299.698        281.500        20.8461        23.6500       0.869216E-01
 1    1353.64        279.572        259.800        25.7142        26.7500       0.869216E-01
 1    1353.64        260.186        238.500        31.3221        30.5500       0.869216E-01
 1    1353.64        241.579        217.750        37.7099        34.7000       0.869216E-01
 1    1353.64        227.278        201.750        43.4038        38.4000       0.869216E-01
 1    1363.67        308.123        290.200        19.2443        21.3000       0.101401    
 1    1363.67        287.724        268.400        23.8404        25.8500       0.101401    
 1    1363.67        268.047        246.700        29.1571        27.8500       0.101401    
 1    1363.67        249.132        225.600        35.2367        31.6000       0.101401    
 1    1363.67        234.574        208.750        40.6738        34.8500       0.101401    
 1    1372.78        315.821        298.300        17.8358        20.4500       0.863358E-01
 1    1372.78        295.178        276.250        22.1875        23.2000       0.863358E-01
 1    1372.78        275.238        254.550        27.2416        26.6500       0.863358E-01
 1    1372.78        256.044        233.400        33.0425        30.0000       0.863358E-01
 1    1372.78        241.253        216.500        38.2468        33.5000       0.863358E-01
 1    1376.51        318.792        301.750        17.0803        19.6500       0.794184E-01
 1    1376.51        298.024        279.650        21.3067        22.6900       0.794184E-01
 1    1376.51        277.950        258.100        26.2278        25.5500       0.794184E-01
 1    1376.51        258.618        236.550        31.8895        30.0000       0.794184E-01
 1    1376.51        243.711        219.800        36.9787        32.4000       0.794184E-01
 1    1362.66        306.159        291.200        18.2997        22.4000       0.759703E-01
 1    1362.66        285.645        269.600        22.7808        24.3900       0.759703E-01
 1    1362.66        265.855        247.950        27.9854        29.0000       0.759703E-01
 1    1362.66        246.833        227.000        33.9582        32.9000       0.759703E-01
 1    1362.66        232.195        210.700        39.3154        36.4000       0.759703E-01
 1    1350.52        295.116        280.300        19.4002        25.5000       0.132329    
 1    1350.52        274.833        258.850        24.1114        29.0000       0.132329    
 1    1350.52        255.298        237.700        29.5718        33.5000       0.132329    
 1    1350.52        236.557        217.100        35.8252        37.2000       0.132329    
 1    1350.52        222.160        200.750        41.4237        41.0500       0.132329    
 1    1338.31        284.087        269.950        20.5839        28.4500       0.169482    
 1    1338.31        264.047        247.850        25.5391        30.8600       0.169482    
 1    1338.31        244.783        227.150        31.2699        36.5000       0.169482    
 1    1338.31        226.338        206.950        37.8188        41.2500       0.169482    
 1    1338.31        212.194        190.850        43.6707        45.4500       0.169482    
