 1    1365.51        312.633        294.150        21.9525        25.2000       0.910775E-01
 1    1365.51        292.554        272.450        26.8679        30.0000       0.910775E-01
 1    1365.51        273.189        251.250        32.4972        33.4500       0.910775E-01
 1    1365.51        254.574        230.700        38.8762        36.4000       0.910775E-01
 1    1365.51        240.242        214.150        44.5394        39.6000       0.910775E-01
 1    1374.02        319.738        304.150        20.5514        24.6500       0.788861E-01
 1    1374.02        299.434        282.300        25.2408        27.7000       0.788861E-01
 1    1374.02        279.828        260.800        30.6292        32.0000       0.788861E-01
 1    1374.02        260.959        239.650        36.7544        35.6000       0.788861E-01
 1    1374.02        246.416        223.200        42.2066        38.3500       0.788861E-01
 1    1374.02        319.398        304.150        20.2143        24.6500       0.831487E-01
 1    1374.02        299.052        282.300        24.8626        27.7000       0.831487E-01
 1    1374.02        279.406        260.800        30.2102        32.0000       0.831487E-01
 1    1374.02        260.497        239.650        36.2957        35.6000       0.831487E-01
 1    1374.02        245.923        223.200        41.7173        38.3500       0.831487E-01
 1    1367.58        313.399        297.900        20.6578        25.8000       0.934029E-01
 1    1367.58        293.152        276.200        25.4043        29.0000       0.934029E-01
 1    1367.58        273.615        254.900        30.8624        33.0000       0.934029E-01
 1    1367.58        254.829        233.600        37.0704        37.0000       0.934029E-01
 1    1367.58        240.361        217.800        42.5985        40.3000       0.934029E-01
 1    1354.68        301.786        288.050        21.9468        25.9000       0.723892E-01
 1    1354.68        281.786        266.950        26.9410        30.0000       0.723892E-01
 1    1354.68        262.522        245.850        32.6712        33.1000       0.723892E-01
 1    1354.68        244.030        225.050        39.1747        37.3000       0.723892E-01
 1    1354.68        229.815        208.800        44.9549        41.1000       0.723892E-01
 1    1352.46        299.494        286.300        21.8775        26.1500       0.708328E-01
 1    1352.46        279.502        264.800        26.8803        29.1000       0.708328E-01
 1    1352.46        260.251        244.000        32.6240        34.5000       0.708328E-01
 1    1352.46        241.779        223.100        39.1463        37.7000       0.708328E-01
 1    1352.46        227.583        207.200        44.9456        41.3500       0.708328E-01
 1    1341.47        289.616        273.400        22.9915        27.7500       0.842110E-01
 1    1341.47        269.840        252.100        28.2107        31.3500       0.842110E-01
 1    1341.47        250.827        231.450        34.1924        34.8000       0.842110E-01
 1    1341.47        232.613        211.150        40.9731        40.1500       0.842110E-01
 1    1341.47        218.637        195.550        46.9928        44.1000       0.842110E-01
 1    1341.45        289.220        274.200        22.6182        26.8000       0.772736E-01
 1    1341.45        269.401        252.900        27.7944        30.3000       0.772736E-01
 1    1341.45        250.346        231.950        33.7341        34.3000       0.772736E-01
 1    1341.45        232.092        211.500        40.4747        38.7500       0.772736E-01
 1    1341.45        218.085        195.400        46.4642        42.8000       0.772736E-01
 1    1334.76        283.078        267.300        23.1687        27.9000       0.112598    
 1    1334.76        263.378        246.100        28.4638        35.0000       0.112598    
 1    1334.76        244.455        225.500        34.5364        36.3500       0.112598    
 1    1334.76        226.348        205.250        41.4234        40.1500       0.112598    
 1    1334.76        212.467        189.450        47.5393        44.5000       0.112598    
 1    1356.78        301.804        286.350        19.8790        23.4500       0.825215E-01
 1    1356.78        281.536        264.400        24.6065        27.2400       0.825215E-01
 1    1356.78        262.004        243.250        30.0691        31.2000       0.825215E-01
 1    1356.78        243.248        222.450        36.3085        34.3500       0.825215E-01
 1    1356.78        228.827        205.750        41.8828        37.9000       0.825215E-01
 1    1353.64        298.690        281.500        19.9074        23.6500       0.840117E-01
 1    1353.64        278.449        259.800        24.6615        26.7500       0.840117E-01
 1    1353.64        258.950        238.500        30.1576        30.5500       0.840117E-01
 1    1353.64        240.234        217.750        36.4377        34.7000       0.840117E-01
 1    1353.64        225.851        201.750        42.0499        38.4000       0.840117E-01
 1    1363.67        307.144        290.200        18.3347        21.3000       0.935504E-01
 1    1363.67        286.629        268.400        22.8155        25.8500       0.935504E-01
 1    1363.67        266.836        246.700        28.0179        27.8500       0.935504E-01
 1    1363.67        247.810        225.600        33.9867        31.6000       0.935504E-01
 1    1363.67        233.166        208.750        39.3390        34.8500       0.935504E-01
 1    1372.78        314.869        298.300        16.9536        20.4500       0.844175E-01
 1    1372.78        294.109        276.250        21.1886        23.2000       0.844175E-01
 1    1372.78        274.051        254.550        26.1264        26.6500       0.844175E-01
 1    1372.78        254.743        233.400        31.8137        30.0000       0.844175E-01
 1    1372.78        239.864        216.500        36.9304        33.5000       0.844175E-01
 1    1376.51        317.853        301.750        16.2098        19.6500       0.826539E-01
 1    1376.51        296.966        279.650        20.3184        22.6900       0.826539E-01
 1    1376.51        276.773        258.100        25.1215        25.5500       0.826539E-01
 1    1376.51        257.324        236.550        30.6675        30.0000       0.826539E-01
 1    1376.51        242.327        219.800        35.6673        32.4000       0.826539E-01
 1    1362.66        305.178        291.200        17.3873        22.4000       0.948745E-01
 1    1362.66        284.544        269.600        21.7488        24.3900       0.948745E-01
 1    1362.66        264.634        247.950        26.8345        29.0000       0.948745E-01
 1    1362.66        245.496        227.000        32.6919        32.9000       0.948745E-01
 1    1362.66        230.768        210.700        37.9606        36.4000       0.948745E-01
 1    1350.52        294.098        280.300        18.4499        25.5000       0.175078    
 1    1350.52        273.693        258.850        23.0400        29.0000       0.175078    
 1    1350.52        254.038        237.700        28.3810        33.5000       0.175078    
 1    1350.52        235.181        217.100        34.5192        37.2000       0.175078    
 1    1350.52        220.695        200.750        40.0302        41.0500       0.175078    
 1    1338.31        283.030        269.950        19.5943        28.4500       0.219628    
 1    1338.31        262.868        247.850        24.4272        30.8600       0.219628    
 1    1338.31        243.483        227.150        30.0382        36.5000       0.219628    
 1    1338.31        224.922        206.950        36.4727        41.2500       0.219628    
 1    1338.31        210.691        190.850        42.2384        45.4500       0.219628    
