 1    1382.20        337.897        314.800        30.4108        35.5000       0.295954    
 1    1382.20        318.588        294.100        36.0930        39.3000       0.295954    
 1    1382.20        299.946        272.950        42.4415        43.3500       0.295954    
 1    1382.20        281.991        252.550        49.4777        47.8500       0.295954    
 1    1382.20        268.134        236.550        55.6129        51.8500       0.295954    
 1    1358.59        317.921        302.350        33.9962        40.6000       0.264287    
 1    1358.59        299.112        282.050        40.1779        44.0000       0.264287    
 1    1358.59        280.998        261.500        47.0544        49.4000       0.264287    
 1    1358.59        263.597        241.950        54.6438        54.2000       0.264287    
 1    1358.59        250.198        225.850        61.2377        58.6000       0.264287    
 1    1368.71        327.412        310.400        33.0847        40.7000       0.286508    
 1    1368.71        308.438        289.550        39.1003        42.0000       0.286508    
 1    1368.71        290.144        269.100        45.7955        48.5000       0.286508    
 1    1368.71        272.549        249.000        53.1890        50.2500       0.286508    
 1    1368.71        258.984        233.250        59.6164        57.5500       0.286508    
 1    1387.57        342.235        324.600        29.3341        34.3500       0.281191    
 1    1387.57        322.786        301.400        34.8756        37.7500       0.281191    
 1    1387.57        303.997        280.500        41.0773        44.0000       0.281191    
 1    1387.57        285.890        260.000        47.9614        49.0000       0.281191    
 1    1387.57        271.908        243.900        53.9720        49.3000       0.281191    
 1    1370.26        327.369        308.550        31.7617        39.6500       0.302114    
 1    1370.26        308.270        287.750        37.6533        42.0000       0.302114    
 1    1370.26        289.853        267.250        44.2268        44.9500       0.302114    
 1    1370.26        272.138        247.250        51.5023        50.0000       0.302114    
 1    1370.26        258.482        231.500        57.8388        57.1500       0.302114    
 1    1369.57        327.447        307.450        32.5797        38.8500       0.291615    
 1    1369.57        308.427        286.650        38.5514        42.9500       0.291615    
 1    1369.57        290.089        266.250        45.2038        47.3500       0.291615    
 1    1369.57        272.450        246.150        52.5563        52.2500       0.291615    
 1    1369.57        258.853        230.400        58.9523        56.6000       0.291615    
 1    1390.78        345.092        322.850        28.8409        34.5500       0.300355    
 1    1390.78        325.571        301.650        34.3093        38.2500       0.300355    
 1    1390.78        306.705        280.750        40.4334        42.2500       0.300355    
 1    1390.78        288.517        260.250        47.2358        46.0000       0.300355    
 1    1390.78        274.468        244.150        53.1784        50.4500       0.300355    
 1    1385.14        340.905        317.450        30.0821        35.6000       0.301743    
 1    1385.14        321.536        296.200        35.7022        39.3500       0.301743    
 1    1385.14        302.827        275.650        41.9831        44.0500       0.301743    
 1    1385.14        284.802        255.150        48.9464        48.1000       0.301743    
 1    1385.14        270.884        239.300        55.0198        52.4000       0.301743    
 1    1376.92        333.108        315.000        30.6663        36.2500       0.291268    
 1    1376.92        313.855        291.500        36.4030        40.8000       0.291268    
 1    1376.92        295.275        270.800        42.8128        44.8000       0.291268    
 1    1376.92        277.389        250.550        49.9170        49.6000       0.291268    
 1    1376.92        263.591        234.650        56.1115        53.0000       0.291268    
 1    1378.53        333.702        314.650        29.8108        34.9000       0.273087    
 1    1378.53        314.359        293.550        35.4595        38.7000       0.273087    
 1    1378.53        295.690        272.750        41.7814        42.8500       0.273087    
 1    1378.53        277.717        252.400        48.7988        47.2500       0.273087    
 1    1378.53        263.851        236.400        54.9253        51.2000       0.273087    
 1    1366.94        323.786        305.350        31.4590        37.7000       0.287628    
 1    1366.94        304.682        284.550        37.3461        41.7500       0.287628    
 1    1366.94        286.267        264.000        43.9211        46.1500       0.287628    
 1    1366.94        268.560        243.900        51.2050        50.8500       0.287628    
 1    1366.94        254.915        228.150        57.5532        55.0500       0.287628    
 1    1371.97        327.691        310.050        30.3867        35.5000       0.266202    
 1    1371.97        308.451        289.050        36.1378        39.3500       0.266202    
 1    1371.97        289.893        268.300        42.5716        43.8000       0.266202    
 1    1371.97        272.041        248.000        49.7100        48.1500       0.266202    
 1    1371.97        258.277        232.100        55.9394        52.1500       0.266202    
 1    1390.69        343.307        322.500        27.3630        31.2000       0.274256    
 1    1390.69        323.644        301.150        32.6914        34.6000       0.274256    
 1    1390.69        304.640        279.950        38.6794        38.4000       0.274256    
 1    1390.69        286.321        259.250        45.3515        43.1000       0.274256    
 1    1390.69        272.171        243.000        51.1953        46.2500       0.274256    
 1    1399.98        351.356        330.050        26.0867        28.6500       0.293722    
 1    1399.98        331.503        308.350        31.2243        31.8500       0.293722    
 1    1399.98        312.296        287.050        37.0088        35.4500       0.293722    
 1    1399.98        293.762        266.050        43.4661        39.3500       0.293722    
 1    1399.98        279.433        249.550        49.1307        42.7500       0.293722    
 1    1403.36        354.057        331.650        25.4357        28.6500       0.291746    
 1    1403.36        334.115        309.850        30.4852        31.8500       0.291746    
 1    1403.36        314.816        288.450        36.1776        35.3500       0.291746    
 1    1403.36        296.186        267.450        42.5392        39.3000       0.291746    
 1    1403.36        281.779        249.900        48.1252        42.6500       0.291746    
 1    1397.91        349.435        326.550        26.1901        29.0500       0.297256    
 1    1397.91        329.604        304.950        31.3501        32.0000       0.297256    
 1    1397.91        310.423        283.650        37.1600        35.9500       0.297256    
 1    1397.91        291.917        262.650        43.6455        39.8500       0.297256    
 1    1397.91        277.613        246.250        49.3346        43.3500       0.297256    
 1    1405.82        356.130        332.400        24.9913        27.7000       0.303311    
 1    1405.82        336.124        310.700        29.9774        30.8500       0.303311    
 1    1405.82        316.759        289.250        35.6030        34.3000       0.303311    
 1    1405.82        298.059        268.150        41.8948        38.1000       0.303311    
 1    1405.82        283.595        251.550        47.4232        41.4500       0.303311    
 1    1402.31        352.884        329.550        25.2649        27.9500       0.300553    
 1    1402.31        332.929        307.850        30.3016        31.0000       0.300553    
 1    1402.31        313.619        286.450        35.9827        34.6500       0.300553    
 1    1402.31        294.980        265.400        42.3351        38.5500       0.300553    
 1    1402.31        280.567        248.900        47.9153        41.9500       0.300553    
 1    1391.57        343.210        319.450        26.3794        29.5500       0.301469    
 1    1391.57        323.441        297.950        31.6016        33.0000       0.301469    
 1    1391.57        304.331        276.750        37.4835        36.6000       0.301469    
 1    1391.57        285.907        255.950        44.0513        40.7000       0.301469    
 1    1391.57        271.676        239.600        49.8136        44.2500       0.301469    
 1    1369.10        323.958        301.550        29.5357        34.0000       0.295443    
 1    1369.10        304.658        280.450        35.2265        35.7000       0.295443    
 1    1369.10        286.047        259.700        41.6072        39.7000       0.295443    
 1    1369.10        268.149        239.250        48.7007        46.4000       0.295443    
 1    1369.10        254.357        223.350        54.9011        50.4000       0.295443    
 1    1369.58        324.061        301.850        29.1964        32.6000       0.294287    
 1    1369.58        304.725        280.700        34.8519        36.0000       0.294287    
 1    1369.58        286.079        259.900        41.1975        40.4500       0.294287    
 1    1369.58        268.146        239.500        48.2566        44.9500       0.294287    
 1    1369.58        254.326        223.550        54.4302        48.9000       0.294287    
 1    1363.72        319.031        296.950        29.9959        34.0500       0.289577    
 1    1363.72        299.815        275.950        35.7712        37.6500       0.289577    
 1    1363.72        281.297        255.250        42.2444        42.1500       0.289577    
 1    1363.72        263.499        235.050        49.4383        48.5000       0.289577    
 1    1363.72        249.792        219.150        55.7243        50.8500       0.289577    
 1    1354.58        311.191        291.200        31.2790        36.0500       0.290695    
 1    1354.58        292.166        270.400        37.2457        41.0000       0.290695    
 1    1354.58        273.852        249.950        43.9226        44.6000       0.290695    
 1    1354.58        256.269        229.900        51.3314        49.4500       0.290695    
 1    1354.58        242.741        214.300        57.7965        53.7000       0.290695    
 1    1357.99        313.934        295.200        30.6068        34.4000       0.274380    
 1    1357.99        294.819        274.250        36.4834        38.3500       0.274380    
 1    1357.99        276.411        253.600        43.0661        42.6000       0.274380    
 1    1357.99        258.730        233.400        50.3774        47.3000       0.274380    
 1    1357.99        245.122        217.600        56.7625        51.4000       0.274380    
 1    1353.39        309.736        289.900        31.0442        34.0000       0.267552    
 1    1353.39        290.699        269.100        36.9992        40.0000       0.267552    
 1    1353.39        272.376        248.650        43.6675        44.3000       0.267552    
 1    1353.39        254.788        228.650        51.0711        49.1500       0.267552    
 1    1353.39        241.258        213.050        57.5347        53.4500       0.267552    
 1    1338.35        296.959        279.200        33.3039        38.0000       0.267892    
 1    1338.35        278.254        258.800        39.5906        44.1000       0.267892    
 1    1338.35        260.283        238.700        46.6108        48.9500       0.267892    
 1    1338.35        243.065        223.100        54.3845        54.2000       0.267892    
 1    1338.35        229.842        203.850        61.1556        58.8000       0.267892    
 1    1330.66        290.405        275.650        34.4369        39.0000       0.255241    
 1    1330.66        271.868        255.400        40.8915        46.6500       0.255241    
 1    1330.66        254.075        235.600        48.0902        47.4500       0.255241    
 1    1330.66        237.045        216.200        56.0517        57.2000       0.255241    
 1    1330.66        223.979        201.100        62.9791        62.0500       0.255241    
 1    1324.80        286.400        272.050        36.0587        41.0000       0.277872    
 1    1324.80        268.050        252.000        42.6988        49.2500       0.277872    
 1    1324.80        250.448        232.300        50.0868        54.4000       0.277872    
 1    1324.80        233.611        213.100        58.2398        55.0000       0.277872    
 1    1324.80        220.699        198.100        65.3207        65.0500       0.277872    
 1    1304.86        272.409        257.200        41.4557        45.3300       0.256920    
 1    1304.86        254.673        237.600        48.7062        53.0000       0.256920    
 1    1304.86        237.697        217.950        56.7174        61.1500       0.256920    
 1    1304.86        221.495        199.700        65.5014        67.3000       0.256920    
 1    1304.86        209.094        184.750        73.0896        72.7000       0.256920    
 1    1295.22        266.545        250.050        44.7781        49.0000       0.267011    
 1    1295.22        249.144        231.150        52.3606        55.0000       0.267011    
 1    1295.22        232.505        211.800        60.7050        65.6000       0.267011    
 1    1295.22        216.637        193.250        69.8208        72.1000       0.267011    
 1    1295.22        204.501        178.950        77.6715        77.6500       0.267011    
 1    1315.99        284.068        264.950        41.2862        49.4700       0.309794    
 1    1315.99        266.192        245.000        48.3920        51.0000       0.309794    
 1    1315.99        249.052        225.350        56.2345        58.1000       0.309794    
 1    1315.99        232.662        206.300        64.8262        63.9000       0.309794    
 1    1315.99        220.095        191.450        72.2440        68.9500       0.309794    
 1    1316.63        283.367        266.000        40.1885        44.0000       0.238478    
 1    1316.63        265.405        250.550        47.2102        49.0000       0.238478    
 1    1316.63        248.185        231.050        54.9732        56.5000       0.238478    
 1    1316.63        231.719        207.150        63.4910        64.2000       0.238478    
 1    1316.63        219.095        192.350        70.8541        69.3000       0.238478    
 1    1318.86        286.887        267.600        41.0386        48.0000       0.303026    
 1    1318.86        268.960        247.650        48.0922        51.4000       0.303026    
 1    1318.86        251.765        228.000        55.8773        56.7000       0.303026    
 1    1318.86        235.314        208.900        64.4067        62.5000       0.303026    
 1    1318.86        222.694        193.900        71.7714        67.5000       0.303026    
 1    1320.68        287.422        269.400        39.9341        48.0000       0.305473    
 1    1320.68        269.396        249.300        46.8897        49.7000       0.305473    
 1    1320.68        252.103        229.700        54.5789        54.8000       0.305473    
 1    1320.68        235.558        210.550        63.0153        60.4000       0.305473    
 1    1320.68        222.866        195.550        70.3083        65.3000       0.305473    
 1    1317.82        285.960        266.150        41.0910        46.8000       0.286038    
 1    1317.82        268.045        246.200        48.1563        50.0000       0.286038    
 1    1317.82        250.864        227.500        55.9547        57.3000       0.286038    
 1    1317.82        234.428        208.550        64.4989        62.6500       0.286038    
 1    1317.82        221.822        193.750        71.8763        67.7000       0.286038    
 1    1317.82        286.149        266.150        41.1958        46.8000       0.286979    
 1    1317.82        268.241        246.200        48.2667        50.0000       0.286979    
 1    1317.82        251.065        227.500        56.0698        57.3000       0.286979    
 1    1317.82        234.634        208.550        64.6178        62.6500       0.286979    
 1    1317.82        222.030        193.750        71.9976        67.7000       0.286979    
 1    1332.42        296.401        279.250        37.1995        43.0000       0.284918    
 1    1332.42        278.048        256.550        43.8281        46.7500       0.284918    
 1    1332.42        260.418        236.600        51.1798        51.7000       0.284918    
 1    1332.42        243.527        220.600        59.2706        57.0000       0.284918    
 1    1332.42        230.554        201.900        66.2828        61.7000       0.284918    
 1    1313.32        282.772        263.900        42.1779        46.0000       0.281721    
 1    1313.32        264.978        243.650        49.3623        52.8500       0.281721    
 1    1313.32        247.920        224.100        57.2824        58.2500       0.281721    
 1    1313.32        231.610        205.050        65.9502        64.2500       0.281721    
 1    1313.32        219.105        190.300        73.4273        69.4000       0.281721    
 1    1310.33        279.445        261.150        42.0141        47.3000       0.292980    
 1    1310.33        261.672        241.200        49.2200        52.2500       0.292980    
 1    1310.33        244.641        221.750        57.1689        60.2000       0.292980    
 1    1310.33        228.366        202.800        65.8726        62.9000       0.292980    
 1    1310.33        215.894        188.000        73.3837        68.7500       0.292980    
 1    1278.04        254.200        238.000        48.9523        57.9000       0.307285    
 1    1278.04        237.261        221.450        56.9913        61.0000       0.307285    
 1    1278.04        221.095        200.250        65.8030        67.3000       0.307285    
 1    1278.04        205.708        182.200        75.3935        70.5000       0.307285    
 1    1278.04        193.959        168.150        83.6273        82.6500       0.307285    
 1    1278.18        254.193        236.900        48.7900        56.2500       0.316810    
 1    1278.18        237.241        216.400        56.8159        61.9500       0.316810    
 1    1278.18        221.062        199.050        65.6150        66.9000       0.316810    
 1    1278.18        205.663        181.000        75.1936        78.5000       0.316810    
 1    1278.18        193.905        166.950        83.4183        79.6000       0.316810    
 1    1285.50        257.579        241.600        45.3304        52.1000       0.290343    
 1    1285.50        240.318        222.850        53.0503        57.4500       0.290343    
 1    1285.50        223.835        203.750        61.5482        63.4000       0.290343    
 1    1285.50        208.138        185.100        70.8333        73.3000       0.290343    
 1    1285.50        196.150        170.750        78.8303        75.7000       0.290343    
 1    1315.13        275.998        262.500        35.2780        40.5500       0.259572    
 1    1315.13        257.671        242.500        41.9404        45.4000       0.259572    
 1    1315.13        240.114        223.500        49.3735        50.8500       0.259572    
 1    1315.13        223.346        203.750        57.5957        62.3000       0.259572    
 1    1315.13        210.508        188.800        64.7500        61.1000       0.259572    
 1    1314.99        279.054        264.850        37.7158        44.0500       0.267915    
 1    1314.99        260.914        244.650        44.5599        47.0000       0.267915    
 1    1314.99        243.530        224.500        52.1602        54.0000       0.267915    
 1    1314.99        226.918        205.250        60.5326        57.3000       0.267915    
 1    1314.99        214.192        190.200        67.7934        64.5500       0.267915    
 1    1325.66        291.106        275.600        38.2823        41.1500       0.287318    
 1    1325.66        272.894        255.250        45.0484        51.6000       0.287318    
 1    1325.66        255.411        235.100        52.5439        50.6500       0.287318    
 1    1325.66        238.673        215.250        60.7842        59.4000       0.287318    
 1    1325.66        225.826        199.700        67.9195        60.4500       0.287318    
 1    1308.93        272.076        257.850        37.1768        46.6000       0.292163    
 1    1308.93        253.960        237.900        44.0480        45.0000       0.292163    
 1    1308.93        236.617        218.250        51.6923        49.6000       0.292163    
 1    1308.93        220.064        199.450        60.1261        62.7500       0.292163    
 1    1308.93        207.397        184.700        67.4487        67.8000       0.292163    
 1    1324.18        290.890        274.200        39.2322        42.9000       0.267276    
 1    1324.18        272.762        253.800        46.0790        48.9000       0.267276    
 1    1324.18        255.360        233.850        53.6529        52.5500       0.267276    
 1    1324.18        238.700        214.350        61.9682        60.0000       0.267276    
 1    1324.18        225.912        199.300        69.1607        62.6500       0.267276    
 1    1314.88        285.578        267.800        42.6576        47.2000       0.295865    
 1    1314.88        267.790        247.850        49.8400        53.3000       0.295865    
 1    1314.88        250.729        228.000        57.7501        55.8000       0.295865    
 1    1314.88        234.408        208.650        66.3993        60.9000       0.295865    
 1    1314.88        221.887        193.600        73.8556        68.0500       0.295865    
 1    1329.10        294.408        278.950        37.8682        41.8500       0.270388    
 1    1329.10        276.125        258.750        44.5613        46.0000       0.270388    
 1    1329.10        258.566        238.550        51.9780        48.8500       0.270388    
 1    1329.10        241.747        218.200        60.1338        56.0000       0.270388    
 1    1329.10        228.830        203.000        67.1979        60.8000       0.270388    
 1    1342.84        305.517        286.850        35.2528        40.0500       0.307637    
 1    1342.84        286.898        266.050        41.6089        44.3500       0.307637    
 1    1342.84        268.986        245.450        48.6734        47.3100       0.307637    
 1    1342.84        251.802        225.450        56.4642        51.9000       0.307637    
 1    1342.84        238.586        210.000        63.2288        56.1000       0.307637    
 1    1344.78        303.393        286.500        32.0506        35.6000       0.275610    
 1    1344.78        284.490        265.800        38.1297        41.5000       0.275610    
 1    1344.78        266.306        244.900        44.9285        45.3000       0.275610    
 1    1344.78        248.864        224.700        52.4684        50.3000       0.275610    
 1    1344.78        235.454        209.100        59.0449        52.8000       0.275610    
 1    1357.98        313.027        294.800        28.8115        33.6000       0.280706    
 1    1357.98        293.717        273.800        34.4872        36.9000       0.280706    
 1    1357.98        275.115        253.300        40.8696        39.9500       0.280706    
 1    1357.98        257.244        232.450        47.9840        45.7000       0.280706    
 1    1357.98        243.488        216.450        54.2156        49.8500       0.280706    
 1    1355.69        308.453        292.800        27.1258        31.5000       0.297640    
 1    1355.69        289.005        271.800        32.6670        38.0000       0.297640    
 1    1355.69        270.275        250.550        38.9270        40.6000       0.297640    
 1    1355.69        252.292        229.850        45.9335        44.0000       0.297640    
 1    1355.69        238.457        213.750        52.0909        47.3500       0.297640    
 1    1325.51        280.960        267.550        30.2248        38.4000       0.283950    
 1    1325.51        262.083        246.900        36.3411        35.5000       0.283950    
 1    1325.51        243.978        226.950        43.2297        43.7000       0.283950    
 1    1325.51        226.670        207.000        50.9154        52.4000       0.283950    
 1    1325.51        213.410        191.750        57.6500        57.0500       0.283950    
 1    1335.02        288.655        271.200        28.4389        34.6500       0.315546    
 1    1335.02        269.519        250.000        34.2962        38.7000       0.315546    
 1    1335.02        251.142        229.850        40.9123        43.1500       0.315546    
 1    1335.02        233.550        209.900        48.3143        49.7000       0.315546    
 1    1335.02        220.056        194.250        54.8155        52.5500       0.315546    
 1    1313.72        270.764        255.700        31.8217        38.7000       0.306675    
 1    1313.72        252.150        235.550        38.2005        42.4000       0.306675    
 1    1313.72        234.327        215.400        45.3711        48.0000       0.306675    
 1    1313.72        217.319        195.900        53.3562        53.5000       0.306675    
 1    1313.72        204.310        180.800        60.3418        56.5000       0.306675    
 1    1319.99        275.889        262.400        30.6535        36.1500       0.271963    
 1    1319.99        257.104        240.750        36.8612        40.0000       0.271963    
 1    1319.99        239.101        221.400        43.8515        45.2500       0.271963    
 1    1319.99        221.905        201.750        51.6489        49.9000       0.271963    
 1    1319.99        208.742        186.400        58.4797        54.8000       0.271963    
 1    1331.85        285.703        270.750        28.5955        34.6500       0.290147    
 1    1331.85        266.608        249.850        34.4938        38.3000       0.290147    
 1    1331.85        248.278        229.550        41.1570        42.8000       0.290147    
 1    1331.85        230.740        209.500        48.6117        48.0000       0.290147    
 1    1331.85        217.293        194.150        55.1592        52.1000       0.290147    
 1    1329.04        283.173        267.250        28.8706        33.8000       0.283635    
 1    1329.04        264.130        246.250        34.8210        38.3000       0.283635    
 1    1329.04        245.857        225.800        41.5413        42.8500       0.283635    
 1    1329.04        228.381        205.900        49.0579        47.5500       0.283635    
 1    1329.04        214.987        191.150        55.6582        52.0500       0.283635    
 1    1362.16        311.221        294.200        23.8116        27.1000       0.296253    
 1    1362.16        291.377        272.700        28.9615        32.7000       0.296253    
 1    1362.16        272.251        251.500        34.8279        34.3000       0.296253    
 1    1362.16        253.873        230.800        41.4435        38.5000       0.296253    
 1    1362.16        239.728        214.500        47.2933        42.1000       0.296253    
