           1   2.18430227032828     
           2  1.827153496291664E-002
           3  8.910244012251275E-002
           4  3.450859913905906E-002
           5  0.656543585885130     
           6 -0.976234223327932     
           7  9.800155535019757E-003
           8  4.097531286807342E-005
           9  4.372796930764774E-004
          10   3.62862678614052     
          11 -0.809374092236838     
          12   5.00646818655545     
           1   2.18443412934032     
           2  1.827152223080258E-002
           3  8.910385959075372E-002
           4  3.450866975412195E-002
           5  0.656541924701996     
           6 -0.976234075522376     
           7  9.800155768243899E-003
           8  1.841771526505708E-004
           9  4.372797780516103E-004
          10   3.62862612380014     
          11 -0.809374095732295     
          12   5.00647397645749     
           1   2.18473162743400     
           2  1.827150737193531E-002
           3  8.910704726561980E-002
           4  3.450882475110136E-002
           5  0.656538183886852     
           6 -0.976233743483145     
           7  9.800156006415321E-003
           8  1.018097240778175E-003
           9  4.372801596537257E-004
          10   3.62862317340457     
          11 -0.809374099339714     
          12   5.00648649786382     
           1   2.18439485269060     
           2  1.827152738307428E-002
           3  8.910342974401653E-002
           4  3.450865002073075E-002
           5  0.656542385948732     
           6 -0.976234119714495     
           7  9.800155671207901E-003
           8  1.869245071608196E-004
           9  4.372797783152045E-004
          10   3.62862616075346     
          11 -0.809374094277568     
          12   5.00647216850627     
           1   2.18449134231696     
           2  1.827151780359524E-002
           3  8.910447135336763E-002
           4  3.450870114770884E-002
           5  0.656541182225141     
           6 -0.976234011503835     
           7  9.800155851182589E-003
           8  2.381098707288330E-004
           9  4.372798214363075E-004
          10   3.62862583421109     
          11 -0.809374096971213     
          12   5.00647642959248     
           1   2.19644230895140     
           2  1.827030041053219E-002
           3  8.923360413212468E-002
           4  3.451493195982049E-002
           5  0.656394153278273     
           6 -0.976220610147023     
           7  9.800179047373002E-003
           8  9.422701930622969E-005
           9  4.372826384765827E-004
          10   3.62860359238243     
          11 -0.809374443890130     
          12   5.00700781149526     
           1   2.18457014037982     
           2  1.827151769167214E-002
           3  8.910530936439522E-002
           4  3.450874161153732E-002
           5  0.656540181178606     
           6 -0.976233923968434     
           7  9.800155834317327E-003
           8  6.108464898992802E-004
           9  4.372799817127593E-004
          10   3.62862460621079     
          11 -0.809374096739063     
          12   5.00647958568962     
           1   2.18487471545532     
           2  1.827149986783254E-002
           3  8.910858534348924E-002
           4  3.450889716836896E-002
           5  0.656536425486254     
           6 -0.976233583771028     
           7  9.800156140509131E-003
           8  1.231795447132222E-003
           9  4.372802781171684E-004
          10   3.62862228080261     
          11 -0.809374101359627     
          12   5.00649258743697     
           1   2.18466833043830     
           2  1.827151082478008E-002
           3  8.910636667080069E-002
           4  3.450879218815284E-002
           5  0.656538967591186     
           6 -0.976233814174753     
           7  9.800155956931943E-003
           8  7.699747795601801E-004
           9  4.372800629850050E-004
          10   3.62862397245558     
          11 -0.809374098585792     
          12   5.00648382007205     
           1   2.18439209004405     
           2  1.827153048414523E-002
           3  8.910338673630927E-002
           4  3.450865201780869E-002
           5  0.656542337021746     
           6 -0.976234123083227     
           7  9.800155601429694E-003
           8  3.026990727839250E-004
           9  4.372798332609979E-004
          10   3.62862581583555     
          11 -0.809374093243343     
          12   5.00647184826824     
           1   2.18454952928512     
           2  1.827151549158803E-002
           3  8.910508962488878E-002
           4  3.450873287265346E-002
           5  0.656540417360779     
           6 -0.976233946633839     
           7  9.800155887574368E-003
           8  3.843374464542173E-004
           9  4.372799005014123E-004
          10   3.62862527802876     
          11 -0.809374097527157     
          12   5.00647882740255     
           1   2.18437167120907     
           2  1.827153093383678E-002
           3  8.910316455088906E-002
           4  3.450864321235837E-002
           5  0.656542560702035     
           6 -0.976234145807712     
           7  9.800155595736023E-003
           8  2.330627141171214E-004
           9  4.372798086272882E-004
          10   3.62862603782045     
          11 -0.809374093153495     
          12   5.00647097774770     
           1   2.18426832732978     
           2  1.827153882247004E-002
           3  8.910204472338258E-002
           4  3.450859202462077E-002
           5  0.656543793684912     
           6 -0.976234261446255     
           7  9.800155449879548E-003
           8  5.755265098267423E-006
           9  4.372797081946808E-004
          10   3.62862687514522     
          11 -0.809374090962763     
          12   5.00646644866407     
           1   2.18428320808348     
           2  1.827154030696064E-002
           3  8.910219948828348E-002
           4  3.450859995917211E-002
           5  0.656543591035469     
           6 -0.976234245071068     
           7  9.800155411433826E-003
           8  1.171941483749605E-004
           9  4.372797528627847E-004
          10   3.62862653949955     
          11 -0.809374090398264     
          12   5.00646696687711     
           1   2.18427051195385     
           2  1.827154038134519E-002
           3  8.910206069069354E-002
           4  3.450859467233626E-002
           5  0.656543727306011     
           6 -0.976234259191627     
           7  9.800155412571929E-003
           8  4.125909008100958E-005
           9  4.372797268398342E-004
          10   3.62862676692700     
          11 -0.809374090410575     
          12   5.00646643119550     
           1   2.18433262517907     
           2  1.827153807036381E-002
           3  8.910272790609311E-002
           4  3.450862598248058E-002
           5  0.656542962507144     
           6 -0.976234189939219     
           7  9.800155445463072E-003
           8  2.592246808025911E-004
           9  4.372798187020296E-004
          10   3.62862603792880     
          11 -0.809374090915950     
          12   5.00646902871826     
           1   2.18431993413567     
           2  1.827153905286920E-002
           3  8.910258798780099E-002
           4  3.450862050148147E-002
           5  0.656543097787011     
           6 -0.976234204148502     
           7  9.800155426091651E-003
           8  2.159235379907316E-004
           9  4.372798035406121E-004
          10   3.62862617915961     
          11 -0.809374090625169     
          12   5.00646845446104     
           1   2.18431397983340     
           2  1.827153917580165E-002
           3  8.910252193960368E-002
           4  3.450861844301338E-002
           5  0.656543152920942     
           6 -0.976234210773341     
           7  9.800155423812788E-003
           8  1.925869736937261E-004
           9  4.372797968863685E-004
          10   3.62862624913658     
          11 -0.809374090589561     
          12   5.00646818934133     
           1   2.18428216457029     
           2  1.827153932887950E-002
           3  8.910217841479126E-002
           4  3.450860407270001E-002
           5  0.656543517059107     
           6 -0.976234246124280     
           7  9.800155428060025E-003
           8  5.473619474669154E-005
           9  4.372797460285831E-004
          10   3.62862668013316     
          11 -0.809374090642712     
          12   5.00646687047529     
           1   2.18434396455292     
           2  1.827153576279760E-002
           3  8.910284594746670E-002
           4  3.450863487950784E-002
           5  0.656542769543263     
           6 -0.976234177079571     
           7  9.800155490014006E-003
           8  2.397908193140525E-004
           9  4.372798248111814E-004
          10   3.62862604290305     
          11 -0.809374091578581     
          12   5.00646952119889     
           1   2.18431033692283     
           2  1.827153696722085E-002
           3  8.910248100898227E-002
           4  3.450861955513199E-002
           5  0.656543151484621     
           6 -0.976234214558660     
           7  9.800155470906574E-003
           8  1.305365705343683E-004
           9  4.372797834335808E-004
          10   3.62862640039800     
          11 -0.809374091285787     
          12   5.00646808095819     
           1   2.18435632321225     
           2  1.827153428722709E-002
           3  8.910297710194734E-002
           4  3.450864244846711E-002
           5  0.656542595551548     
           6 -0.976234163196049     
           7  9.800155518267817E-003
           8  2.271478170459359E-004
           9  4.372798283785563E-004
          10   3.62862604080009     
          11 -0.809374092000639     
          12   5.00647005600955     
           1   2.18438772082160     
           2  1.827153132865444E-002
           3  8.910331774329240E-002
           4  3.450865835614361E-002
           5  0.656542216305407     
           6 -0.976234127998206     
           7  9.800155575867187E-003
           8  2.817952363460675E-004
           9  4.372798557704915E-004
          10   3.62862581911086     
          11 -0.809374092863325     
          12   5.00647145112994     
           1   2.18436660269613     
           2  1.827153389725081E-002
           3  8.910308501610481E-002
           4  3.450864877417139E-002
           5  0.656542445937176     
           6 -0.976234151724589     
           7  9.800155522322282E-003
           8  3.034602642593956E-004
           9  4.372798610526927E-004
          10   3.62862579473534     
          11 -0.809374092063573     
          12   5.00647045982714     
           1   2.18435272710940     
           2  1.827153404256110E-002
           3  8.910293327220330E-002
           4  3.450864302079604E-002
           5  0.656542593576464     
           6 -0.976234167161059     
           7  9.800155522016957E-003
           8  2.001868612319234E-004
           9  4.372798261031495E-004
          10   3.62862610319137     
          11 -0.809374092055349     
          12   5.00646986925779     
           1   2.18441849057264     
           2  1.827152777526143E-002
           3  8.910364879979339E-002
           4  3.450867511860575E-002
           5  0.656541823397194     
           6 -0.976234093459396     
           7  9.800155646650016E-003
           8  2.140679151234649E-004
           9  4.372798454754394E-004
          10   3.62862593799078     
          11 -0.809374093922837     
          12   5.00647282339698     
           1   2.18442328894854     
           2  1.827152766193278E-002
           3  8.910369892670490E-002
           4  3.450867794113504E-002
           5  0.656541755471461     
           6 -0.976234088122322     
           7  9.800155647385891E-003
           8  2.284429800527214E-004
           9  4.372798526236389E-004
          10   3.62862588872705     
          11 -0.809374093935482     
          12   5.00647301175228     
           1   2.18474193587320     
           2  1.827151036491509E-002
           3  8.910715799661693E-002
           4  3.450882707070486E-002
           5  0.656538087070080     
           6 -0.976233732368144     
           7  9.800155958996404E-003
           8  9.546034477112546E-004
           9  4.372801537533525E-004
          10   3.62862331725887     
          11 -0.809374098650036     
          12   5.00648685339736     
           1   2.18529453854398     
           2  1.827149886380939E-002
           3  8.911313207193124E-002
           4  3.450908054956790E-002
           5  0.656531736073432     
           6 -0.976233117411269     
           7  9.800156080429803E-003
           8  2.694875593631282E-003
           9  4.372808228640990E-004
          10   3.62861766448326     
          11 -0.809374100611415     
          12   5.00651010007067     
           1   2.18578077216708     
           2  1.827148595119468E-002
           3  8.911839871839147E-002
           4  3.450930178016447E-002
           5  0.656526199045917     
           6 -0.976232576016459     
           7  9.800156254441743E-003
           8  4.146484578746078E-003
           9  4.372813796130070E-004
          10   3.62861290882485     
          11 -0.809374103331727     
          12   5.00653073138056     
           1   2.18595075746395     
           2  1.827147272494708E-002
           3  8.912026532439034E-002
           4  3.450937823559914E-002
           5  0.656524327264283     
           6 -0.976232385683957     
           7  9.800156517640784E-003
           8  4.879940761198187E-003
           9  4.372816543715589E-004
          10   3.62861048725617     
          11 -0.809374107281395     
          12   5.00653837868295     
           1   2.18569013574600     
           2  1.827148451306608E-002
           3  8.911743703918726E-002
           4  3.450925664622765E-002
           5  0.656527330902975     
           6 -0.976232676469054     
           7  9.800156316607569E-003
           8  4.129942522225316E-003
           9  4.372813555870750E-004
          10   3.62861301690254     
          11 -0.809374104225184     
          12   5.00652716352451     
           1   2.18611752875089     
           2  1.827146635921362E-002
           3  8.912209159339744E-002
           4  3.450944840063903E-002
           5  0.656522555227123     
           6 -0.976232199755695     
           7  9.800156630554323E-003
           8  5.512716420437999E-003
           9  4.372818757986285E-004
          10   3.62860847787567     
          11 -0.809374109004019     
          12   5.00654568735718     
           1   2.18593824706829     
           2  1.827146964557664E-002
           3  8.912015705545610E-002
           4  3.450936506435620E-002
           5  0.656524639980541     
           6 -0.976232399221317     
           7  9.800156604798474E-003
           8  4.954588853832710E-003
           9  4.372816575565089E-004
          10   3.62861029884382     
          11 -0.809374108570363     
          12   5.00653819646067     
           1   2.18617805334263     
           2  1.827146551926414E-002
           3  8.912276222571711E-002
           4  3.450946923281158E-002
           5  0.656521999722773     
           6 -0.976232132461774     
           7  9.800156644254153E-003
           8  5.730522992911889E-003
           9  4.372819388244804E-004
          10   3.62860782756788     
          11 -0.809374109225851     
          12   5.00654838595459     
           1   2.18625128895956     
           2  1.827146339070776E-002
           3  8.912356631788776E-002
           4  3.450949865453685E-002
           5  0.656521247227571     
           6 -0.976232050888078     
           7  9.800156680170351E-003
           8  6.010333884960075E-003
           9  4.372820319408636E-004
          10   3.62860696013089     
          11 -0.809374109780088     
          12   5.00655159968393     
           1   2.18585702873452     
           2  1.827147309184918E-002
           3  8.911929379746593E-002
           4  3.450932092316519E-002
           5  0.656525706248389     
           6 -0.976232489776930     
           7  9.800156559607120E-003
           8  4.881177848854069E-003
           9  4.372816012980217E-004
          10   3.62861065856099     
          11 -0.809374107873594     
          12   5.00653487239071     
           1   2.18638173965058     
           2  1.827146151414898E-002
           3  8.912499862995539E-002
           4  3.450954920298015E-002
           5  0.656519936057569     
           6 -0.976231905811716     
           7  9.800156700773556E-003
           8  6.494722276674407E-003
           9  4.372821863852394E-004
          10   3.62860549447315     
          11 -0.809374110126058     
          12   5.00655727997881     
           1   2.18622105134896     
           2  1.827146579974894E-002
           3  8.912326019711328E-002
           4  3.450947514360659E-002
           5  0.656521785264013     
           6 -0.976232084739616     
           7  9.800156645139778E-003
           8  5.970773930193303E-003
           9  4.372819844309698E-004
          10   3.62860720772974     
          11 -0.809374109256481     
          12   5.00655048803935     
           1   2.18640638411559     
           2  1.827146758098822E-002
           3  8.912527000542877E-002
           4  3.450955171365359E-002
           5  0.656519802143612     
           6 -0.976231879195340     
           7  9.800156559299455E-003
           8  6.426315599374914E-003
           9  4.372821358399974E-004
          10   3.62860583482033     
          11 -0.809374108043958     
          12   5.00655822283285     
           1   2.18644102562635     
           2  1.827146895338881E-002
           3  8.912565228935315E-002
           4  3.450956274514684E-002
           5  0.656519495164214     
           6 -0.976231840879950     
           7  9.800156524009552E-003
           8  6.487929054184226E-003
           9  4.372821495655748E-004
          10   3.62860566899541     
          11 -0.809374107529751     
          12   5.00655970394022     
           1   2.18594224166120     
           2  1.827148076835694E-002
           3  8.912023251692716E-002
           4  3.450934378601892E-002
           5  0.656525016239843     
           6 -0.976232396084893     
           7  9.800156372825858E-003
           8  4.952092208796785E-003
           9  4.372815881435797E-004
          10   3.62861060112017     
          11 -0.809374105142953     
          12   5.00653841488779     
           1   2.18478000996711     
           2  1.827151253765697E-002
           3  8.910757136525799E-002
           4  3.450884150338665E-002
           5  0.656537693581921     
           6 -0.976233690315507     
           7  9.800155912832450E-003
           8  1.209829804792688E-003
           9  4.372802515573576E-004
          10   3.62862251955483     
          11 -0.809374097975883     
          12   5.00648839987666     
           1   2.18548562920758     
           2  1.827148691394769E-002
           3  8.911527972744919E-002
           4  3.450914404984980E-002
           5  0.656530078045589     
           6 -0.976232903817726     
           7  9.800156350509475E-003
           8  3.633544633039481E-003
           9  4.372811071616367E-004
          10   3.62861479464063     
          11 -0.809374104672396     
          12   5.00651914076032     
           1   2.18617183204970     
           2  1.827146415737176E-002
           3  8.912278159690615E-002
           4  3.450943496288873E-002
           5  0.656522731765377     
           6 -0.976232139159954     
           7  9.800156729058297E-003
           8  6.213958231910876E-003
           9  4.372819995520399E-004
          10   3.62860669844511     
          11 -0.809374110484679     
          12   5.00654901790480     
           1   2.30065635715994     
           2  1.827150050528546E-002
           3  8.911168434745938E-002
           4  3.450900057125374E-002
           5  0.656533671514740     
           6 -0.976233271026960     
           7  9.800156112657561E-003
           8  2.449163553813530E-003
           9  4.372806859348239E-004
          10   3.62861857854182     
          11 -0.809374101047692     
          12   5.00650478033319     
           1   2.30195460912021     
           2  1.827145661039770E-002
           3  8.912588691326004E-002
           4  3.450954770698028E-002
           5  0.656519845692899     
           6 -0.976231824267351     
           7  9.800156851744074E-003
           8  7.252858625905485E-003
           9  4.372823367898091E-004
          10   3.62860351708510     
          11 -0.809374112388167     
          12   5.00656143509801     
           1   2.30248768911567     
           2  1.827144152890004E-002
           3  8.913172296163081E-002
           4  3.450976741340901E-002
           5  0.656514258687118     
           6 -0.976231230582373     
           7  9.800157089644599E-003
           8  9.107197243174832E-003
           9  4.372829608185468E-004
          10   3.62859774602596     
          11 -0.809374116076521     
          12   5.00658468970691     
           1   2.30190272730654     
           2  1.827145499489182E-002
           3  8.912534484044329E-002
           4  3.450951892144373E-002
           5  0.656520560192600     
           6 -0.976231881700407     
           7  9.800156918315778E-003
           8  7.147483222278652E-003
           9  4.372822750704766E-004
          10   3.62860391373346     
          11 -0.809374113357582     
          12   5.00655953188595     
           1   2.30187068213876     
           2  1.827145174677056E-002
           3  8.912501343961601E-002
           4  3.450950253085015E-002
           5  0.656520983429650     
           6 -0.976231916875828     
           7  9.800157015639315E-003
           8  7.071876881417814E-003
           9  4.372822395286512E-004
          10   3.62860415250907     
          11 -0.809374114784619     
          12   5.00655843168213     
           1   2.30110546806880     
           2  1.827147999985613E-002
           3  8.911663121479950E-002
           4  3.450918211005340E-002
           5  0.656529077117963     
           6 -0.976232769897477     
           7  9.800156518987956E-003
           8  4.345158139041579E-003
           9  4.372813087358336E-004
          10   3.62861271371851     
          11 -0.809374107195711     
          12   5.00652486460779     
           1   2.85436540513125     
           2  1.827148823538823E-002
           3  8.911345825836411E-002
           4  3.450906102798730E-002
           5  0.656532148512795     
           6 -0.976233092966819     
           7  9.800156396449574E-003
           8  3.297250777676103E-003
           9  4.372809542629283E-004
          10   3.62861596007779     
          11 -0.809374105284389     
          12   5.00651225795394     
           1   2.85395974164497     
           2  1.827148863333972E-002
           3  8.910903154312783E-002
           4  3.450889549214625E-002
           5  0.656536413288739     
           6 -0.976233543638367     
           7  9.800156498501170E-003
           8  1.414276007918287E-003
           9  4.372803469664934E-004
          10   3.62862149271277     
          11 -0.809374106664024     
          12   5.00649507951465     
           1   2.85343377985430     
           2  1.827153030556099E-002
           3  8.910322241414238E-002
           4  3.450867764979467E-002
           5  0.656541824841375     
           6 -0.976234132278205     
           7  9.800155582873166E-003
           8  1.037317618835579E-004
           9  4.372798796016935E-004
          10   3.62862606766372     
          11 -0.809374092959901     
          12   5.00647080823717     
           1   2.85349753008032     
           2  1.827152237755922E-002
           3  8.910392964431636E-002
           4  3.450870492655316E-002
           5  0.656541162849441     
           6 -0.976234060631636     
           7  9.800155766385966E-003
           8  1.855247321708511E-005
           9  4.372798699210940E-004
          10   3.62862612920860     
          11 -0.809374095696320     
          12   5.00647387133416     
           1   2.85346305497223     
           2  1.827152585728639E-002
           3  8.910354780629222E-002
           4  3.450869127271522E-002
           5  0.656541501202207     
           6 -0.976234099251249     
           7  9.800155684553211E-003
           8  1.050761025868227E-004
           9  4.372798900647035E-004
          10   3.62862598127984     
          11 -0.809374094479040     
          12   5.00647222139529     
           1   2.85344626319382     
           2  1.827152916890322E-002
           3  8.910335692027362E-002
           4  3.450868479157355E-002
           5  0.656541654713790     
           6 -0.976234118260684     
           7  9.800155605547974E-003
           8  1.874017061868731E-004
           9  4.372799138395429E-004
          10   3.62862579307092     
          11 -0.809374093301113     
          12   5.00647133348782     
           1   2.85349250115944     
           2  1.827152523993366E-002
           3  8.910386666724346E-002
           4  3.450870418197834E-002
           5  0.656541174304198     
           6 -0.976234066502867     
           7  9.800155694414768E-003
           8  2.316394230521071E-004
           9  4.372799367198455E-004
          10   3.62862556633550     
          11 -0.809374094628914     
          12   5.00647347588064     
           1   2.85346712193860     
           2  1.827152908820796E-002
           3  8.910358160102713E-002
           4  3.450869428003087E-002
           5  0.656541414244461     
           6 -0.976234095092597     
           7  9.800155601879849E-003
           8  2.523110808081814E-004
           9  4.372799406344518E-004
          10   3.62862557120105     
          11 -0.809374093251409     
          12   5.00647219230220     
           1   2.85342844468695     
           2  1.827153323790122E-002
           3  8.910314896890996E-002
           4  3.450867926827578E-002
           5  0.656541785689024     
           6 -0.976234138509159     
           7  9.800155505928972E-003
           8  2.179902452731032E-004
           9  4.372799280893374E-004
          10   3.62862572752895     
          11 -0.809374091815486     
          12   5.00647032309667     
