 1    1382.20        342.497        314.800        29.9204        35.5000       0.331400    
 1    1382.20        322.216        294.100        34.6047        39.3000       0.331400    
 1    1382.20        302.463        272.950        39.8177        43.3500       0.331400    
 1    1382.20        283.271        252.550        45.5907        47.8500       0.331400    
 1    1382.20        268.340        236.550        50.6326        51.8500       0.331400    
 1    1358.59        321.644        302.350        32.7504        40.6000       0.340529    
 1    1358.59        301.756        282.050        37.8277        44.0000       0.340529    
 1    1358.59        282.431        261.500        43.4675        49.4000       0.340529    
 1    1358.59        263.699        241.950        49.7011        54.2000       0.340529    
 1    1358.59        249.161        225.850        55.1356        58.6000       0.340529    
 1    1368.71        330.467        310.400        31.4304        40.7000       0.364336    
 1    1368.71        310.401        289.550        36.3298        42.0000       0.364336    
 1    1368.71        290.883        269.100        41.7772        48.5000       0.364336    
 1    1368.71        271.945        249.000        47.8039        50.2500       0.364336    
 1    1368.71        257.231        233.250        53.0626        57.5500       0.364336    
 1    1387.57        347.098        324.600        29.1547        34.3500       0.319321    
 1    1387.57        326.719        301.400        33.7416        37.7500       0.319321    
 1    1387.57        306.863        280.500        38.8498        44.0000       0.319321    
 1    1387.57        287.559        260.000        44.5108        49.0000       0.319321    
 1    1387.57        272.534        243.900        49.4579        49.3000       0.319321    
 1    1370.26        331.716        308.550        31.1380        39.6500       0.356522    
 1    1370.26        311.617        287.750        36.0036        42.0000       0.356522    
 1    1370.26        292.064        267.250        41.4150        44.9500       0.356522    
 1    1370.26        273.088        247.250        47.4038        50.0000       0.356522    
 1    1370.26        258.343        231.500        52.6307        57.1500       0.356522    
 1    1369.57        331.050        307.450        31.1702        38.8500       0.375530    
 1    1369.57        310.959        286.650        36.0435        42.9500       0.375530    
 1    1369.57        291.415        266.250        41.4637        47.3500       0.375530    
 1    1369.57        272.449        246.150        47.4623        52.2500       0.375530    
 1    1369.57        257.713        230.400        52.6980        56.6000       0.375530    
 1    1390.78        349.785        322.850        28.6427        34.5500       0.338244    
 1    1390.78        329.345        301.650        33.1673        38.2500       0.338244    
 1    1390.78        309.422        280.750        38.2089        42.2500       0.338244    
 1    1390.78        290.048        260.250        43.7990        46.0000       0.338244    
 1    1390.78        274.964        244.150        48.6864        50.4500       0.338244    
 1    1385.14        344.709        317.450        29.2286        35.6000       0.361723    
 1    1385.14        324.354        296.200        33.8385        39.3500       0.361723    
 1    1385.14        304.525        275.650        38.9732        44.0500       0.361723    
 1    1385.14        285.252        255.150        44.6645        48.1000       0.361723    
 1    1385.14        270.255        239.300        49.6386        52.4000       0.361723    
 1    1376.92        337.362        315.000        30.1312        36.2500       0.341794    
 1    1376.92        317.138        291.500        34.8704        40.8000       0.341794    
 1    1376.92        297.449        270.800        40.1461        44.8000       0.341794    
 1    1376.92        278.329        250.550        45.9901        49.6000       0.341794    
 1    1376.92        263.462        234.650        51.0947        53.0000       0.341794    
 1    1378.53        338.728        314.650        29.8893        34.9000       0.293440    
 1    1378.53        318.473        293.550        34.5981        38.7000       0.293440    
 1    1378.53        298.753        272.750        39.8412        42.8500       0.293440    
 1    1378.53        279.598        252.400        45.6504        47.2500       0.293440    
 1    1378.53        264.702        236.400        50.7257        51.2000       0.293440    
 1    1366.94        328.438        305.350        31.2273        37.7000       0.331885    
 1    1366.94        308.373        284.550        36.1255        41.7500       0.331885    
 1    1366.94        288.858        264.000        41.5746        46.1500       0.331885    
 1    1366.94        269.926        243.900        47.6065        50.8500       0.331885    
 1    1366.94        255.221        228.150        52.8720        55.0500       0.331885    
 1    1371.97        332.810        310.050        30.5619        35.5000       0.284119    
 1    1371.97        312.656        289.050        35.3711        39.3500       0.284119    
 1    1371.97        293.045        268.300        40.7242        43.8000       0.284119    
 1    1371.97        274.010        248.000        46.6529        48.1500       0.284119    
 1    1371.97        259.218        232.100        51.8308        52.1500       0.284119    
 1    1390.69        349.355        322.500        28.3437        31.2000       0.264107    
 1    1390.69        328.894        301.150        32.8457        34.6000       0.264107    
 1    1390.69        308.950        279.950        37.8650        38.4000       0.264107    
 1    1390.69        289.555        259.250        43.4335        43.1000       0.264107    
 1    1390.69        274.455        243.000        48.3042        46.2500       0.264107    
 1    1399.98        357.599        330.050        27.2790        28.6500       0.269654    
 1    1399.98        336.990        308.350        31.6336        31.8500       0.269654    
 1    1399.98        316.886        287.050        36.4927        35.4500       0.269654    
 1    1399.98        297.319        266.050        41.8881        39.3500       0.269654    
 1    1399.98        282.071        249.550        46.6112        42.7500       0.269654    
 1    1403.36        360.570        331.650        26.8685        28.6500       0.276542    
 1    1403.36        339.907        309.850        31.1680        31.8500       0.276542    
 1    1403.36        319.743        288.450        35.9675        35.3500       0.276542    
 1    1403.36        300.111        267.450        41.2986        39.3000       0.276542    
 1    1403.36        284.809        249.900        45.9669        42.6500       0.276542    
 1    1397.91        355.626        326.550        27.3961        29.0500       0.278774    
 1    1397.91        335.041        304.950        31.7740        32.0000       0.278774    
 1    1397.91        314.964        283.650        36.6594        35.9500       0.278774    
 1    1397.91        295.426        262.650        42.0841        39.8500       0.278774    
 1    1397.91        280.204        246.250        46.8327        43.3500       0.278774    
 1    1405.82        362.660        332.400        26.5067        27.7000       0.289508    
 1    1405.82        341.952        310.700        30.7612        30.8500       0.289508    
 1    1405.82        321.741        289.250        35.5123        34.3000       0.289508    
 1    1405.82        302.058        268.150        40.7918        38.1000       0.289508    
 1    1405.82        286.713        251.550        45.4166        41.4500       0.289508    
 1    1402.31        359.448        329.550        26.8216        27.9500       0.289087    
 1    1402.31        338.789        307.850        31.1243        31.0000       0.289087    
 1    1402.31        318.631        286.450        35.9286        34.6500       0.289087    
 1    1402.31        299.006        265.400        41.2663        38.5500       0.289087    
 1    1402.31        283.711        248.900        45.9411        41.9500       0.289087    
 1    1391.57        349.777        319.450        27.9257        29.5500       0.293044    
 1    1391.57        329.278        297.950        32.3891        33.0000       0.293044    
 1    1391.57        309.296        276.750        37.3689        36.6000       0.293044    
 1    1391.57        289.862        255.950        42.8971        40.7000       0.293044    
 1    1391.57        274.731        239.600        47.7353        44.2500       0.293044    
 1    1369.10        329.781        301.550        30.4659        34.0000       0.291555    
 1    1369.10        309.644        280.450        35.2905        35.7000       0.291555    
 1    1369.10        290.055        259.700        40.6637        39.7000       0.291555    
 1    1369.10        271.047        239.250        46.6177        46.4000       0.291555    
 1    1369.10        256.280        223.350        51.8197        50.4000       0.291555    
 1    1369.58        330.140        301.850        30.3509        32.6000       0.287393    
 1    1369.58        309.991        280.700        35.1632        36.0000       0.287393    
 1    1369.58        290.389        259.900        40.5234        40.4500       0.287393    
 1    1369.58        271.368        239.500        46.4639        44.9500       0.287393    
 1    1369.58        256.590        223.550        51.6547        48.9000       0.287393    
 1    1363.72        324.916        296.950        31.0090        34.0500       0.293346    
 1    1363.72        304.862        275.950        35.9169        37.6500       0.293346    
 1    1363.72        285.366        255.250        41.3815        42.1500       0.293346    
 1    1363.72        266.458        235.050        47.4351        48.5000       0.293346    
 1    1363.72        251.776        219.150        52.7227        50.8500       0.293346    
 1    1354.58        316.838        291.200        32.1015        36.0500       0.296427    
 1    1354.58        296.940        270.400        37.1652        41.0000       0.296427    
 1    1354.58        277.613        249.950        42.7992        44.6000       0.296427    
 1    1354.58        258.888        229.900        49.0359        49.4500       0.296427    
 1    1354.58        244.363        214.300        54.4797        53.7000       0.296427    
 1    1357.99        319.756        295.200        31.6078        34.4000       0.266241    
 1    1357.99        299.794        274.250        36.6069        38.3500       0.266241    
 1    1357.99        280.397        253.600        42.1714        42.6000       0.266241    
 1    1357.99        261.598        233.400        48.3336        47.3000       0.266241    
 1    1357.99        247.010        217.600        53.7145        51.4000       0.266241    
 1    1353.39        315.664        289.900        32.1350        34.0000       0.275520    
 1    1353.39        295.779        269.100        37.2113        40.0000       0.275520    
 1    1353.39        276.467        248.650        42.8600        44.3000       0.275520    
 1    1353.39        257.760        228.650        49.1135        49.1500       0.275520    
 1    1353.39        243.250        213.050        54.5723        53.4500       0.275520    
 1    1338.35        302.516        279.200        34.0732        38.0000       0.290443    
 1    1338.35        282.904        258.800        39.4209        44.1000       0.290443    
 1    1338.35        263.886        238.700        45.3641        48.9500       0.290443    
 1    1338.35        245.496        223.100        51.9349        54.2000       0.290443    
 1    1338.35        231.257        203.850        57.6637        58.8000       0.290443    
 1    1330.66        295.809        275.650        35.0823        39.0000       0.283012    
 1    1330.66        276.339        255.400        40.5723        46.6500       0.283012    
 1    1330.66        257.476        235.600        46.6698        47.4500       0.283012    
 1    1330.66        239.252        216.200        53.4069        57.2000       0.283012    
 1    1330.66        225.154        201.100        59.2772        62.0500       0.283012    
 1    1324.80        290.703        272.050        35.8585        41.0000       0.319492    
 1    1324.80        271.343        252.000        41.4586        49.2500       0.319492    
 1    1324.80        252.600        232.300        47.6754        54.4000       0.319492    
 1    1324.80        234.505        213.100        54.5411        55.0000       0.319492    
 1    1324.80        220.517        198.100        60.5208        65.0500       0.319492    
 1    1304.86        273.658        257.200        38.8102        45.3300       0.366211    
 1    1304.86        254.700        237.600        44.8125        53.0000       0.366211    
 1    1304.86        236.391        217.950        51.4633        61.1500       0.366211    
 1    1304.86        218.762        199.700        58.7941        67.3000       0.366211    
 1    1304.86        205.167        184.750        65.1677        72.7000       0.366211    
 1    1295.22        265.471        250.050        40.2947        49.0000       0.407094    
 1    1295.22        246.716        231.150        46.4993        55.0000       0.407094    
 1    1295.22        228.625        211.800        53.3681        65.6000       0.407094    
 1    1295.22        211.230        193.250        60.9323        72.1000       0.407094    
 1    1295.22        197.833        178.950        67.5032        77.6500       0.407094    
 1    1315.99        282.955        264.950        36.9637        49.4700       0.423970    
 1    1315.99        263.759        245.000        42.7272        51.0000       0.423970    
 1    1315.99        245.194        225.350        49.1219        58.1000       0.423970    
 1    1315.99        227.292        206.300        56.1799        63.9000       0.423970    
 1    1315.99        213.469        191.450        62.3237        68.9500       0.423970    
 1    1316.63        283.427        266.000        36.8012        44.0000       0.350698    
 1    1316.63        264.214        250.550        42.5474        49.0000       0.350698    
 1    1316.63        245.631        231.050        48.9240        56.5000       0.350698    
 1    1316.63        227.711        207.150        55.9632        64.2000       0.350698    
 1    1316.63        213.871        192.350        62.0914        69.3000       0.350698    
 1    1318.86        285.256        267.600        36.4020        48.0000       0.415120    
 1    1318.86        265.993        247.650        42.0988        51.4000       0.415120    
 1    1318.86        247.358        228.000        48.4227        56.7000       0.415120    
 1    1318.86        229.382        208.900        55.4059        62.5000       0.415120    
 1    1318.86        215.496        193.900        61.4872        67.5000       0.415120    
 1    1320.68        286.737        269.400        36.0661        48.0000       0.390942    
 1    1320.68        267.434        249.300        41.7220        49.7000       0.390942    
 1    1320.68        248.755        229.700        48.0023        54.8000       0.390942    
 1    1320.68        230.733        210.550        54.9394        60.4000       0.390942    
 1    1320.68        216.809        195.550        60.9820        65.3000       0.390942    
 1    1317.82        284.218        266.150        36.4215        46.8000       0.396082    
 1    1317.82        264.968        246.200        42.1305        50.0000       0.396082    
 1    1317.82        246.348        227.500        48.4686        57.3000       0.396082    
 1    1317.82        228.389        208.550        55.4683        62.6500       0.396082    
 1    1317.82        214.518        193.750        61.5643        67.7000       0.396082    
 1    1317.82        284.142        266.150        36.3532        46.8000       0.398246    
 1    1317.82        264.888        246.200        42.0578        50.0000       0.398246    
 1    1317.82        246.263        227.500        48.3917        57.3000       0.398246    
 1    1317.82        228.301        208.550        55.3875        62.6500       0.398246    
 1    1317.82        214.427        193.750        61.4806        67.7000       0.398246    
 1    1332.42        296.598        279.250        34.1817        43.0000       0.360034    
 1    1332.42        277.052        256.550        39.5937        46.7500       0.360034    
 1    1332.42        258.112        236.600        45.6122        51.7000       0.360034    
 1    1332.42        239.811        220.600        52.2699        57.0000       0.360034    
 1    1332.42        225.652        201.900        58.0770        61.7000       0.360034    
 1    1313.32        280.152        263.900        36.8897        46.0000       0.403908    
 1    1313.32        260.982        243.650        42.6771        52.8500       0.403908    
 1    1313.32        242.448        224.100        49.1015        58.2500       0.403908    
 1    1313.32        224.584        205.050        56.1953        64.2500       0.403908    
 1    1313.32        210.794        190.300        62.3723        69.4000       0.403908    
 1    1310.33        277.532        261.150        37.2746        47.3000       0.399498    
 1    1310.33        258.419        241.200        43.1192        52.2500       0.399498    
 1    1310.33        239.948        221.750        49.6060        60.2000       0.399498    
 1    1310.33        222.152        202.800        56.7671        62.9000       0.399498    
 1    1310.33        208.420        188.000        63.0015        68.7500       0.399498    
 1    1278.04        250.388        238.000        42.5041        57.9000       0.434443    
 1    1278.04        231.978        221.450        49.0521        61.0000       0.434443    
 1    1278.04        214.264        200.250        56.2953        67.3000       0.434443    
 1    1278.04        197.276        182.200        64.2645        70.5000       0.434443    
 1    1278.04        184.226        168.150        71.1806        82.6500       0.434443    
 1    1278.18        250.422        236.900        42.4050        56.2500       0.456534    
 1    1278.18        232.005        216.400        48.9454        61.9500       0.456534    
 1    1278.18        214.283        199.050        56.1813        66.9000       0.456534    
 1    1278.18        197.288        181.000        64.1432        78.5000       0.456534    
 1    1278.18        184.233        166.950        71.0538        79.6000       0.456534    
 1    1285.50        256.412        241.600        41.0655        52.1000       0.401578    
 1    1285.50        237.824        222.850        47.4345        57.4500       0.401578    
 1    1285.50        219.919        203.750        54.4870        63.4000       0.401578    
 1    1285.50        202.729        185.100        62.2544        73.3000       0.401578    
 1    1285.50        189.511        170.750        69.0017        75.7000       0.401578    
 1    1315.13        281.299        262.500        36.2615        40.5500       0.278240    
 1    1315.13        262.069        242.500        41.9889        45.4000       0.278240    
 1    1315.13        243.475        223.500        48.3517        50.8500       0.278240    
 1    1315.13        225.549        203.750        55.3825        62.3000       0.278240    
 1    1315.13        211.710        188.800        61.5085        61.1000       0.278240    
 1    1314.99        281.099        264.850        36.2098        44.0500       0.309479    
 1    1314.99        261.868        244.650        41.9353        47.0000       0.309479    
 1    1314.99        243.273        224.500        48.2968        54.0000       0.309479    
 1    1314.99        225.346        205.250        55.3269        57.3000       0.309479    
 1    1314.99        211.506        190.200        61.4526        64.5500       0.309479    
 1    1325.66        290.152        275.600        34.5767        41.1500       0.352413    
 1    1325.66        270.702        255.250        40.0830        51.6000       0.352413    
 1    1325.66        251.871        235.100        46.2082        50.6500       0.352413    
 1    1325.66        233.692        215.250        52.9855        59.4000       0.352413    
 1    1325.66        219.638        199.700        58.8975        60.4500       0.352413    
 1    1308.93        275.779        257.850        36.9804        46.6000       0.324373    
 1    1308.93        256.664        237.900        42.8219        45.0000       0.324373    
 1    1308.93        238.196        218.250        49.3097        49.6000       0.324373    
 1    1308.93        220.407        199.450        56.4765        62.7500       0.324373    
 1    1308.93        206.684        184.700        62.7188        67.8000       0.324373    
 1    1324.18        288.718        274.200        34.6426        42.9000       0.356586    
 1    1324.18        269.287        253.800        40.1685        48.9000       0.356586    
 1    1324.18        250.479        233.850        46.3162        52.5500       0.356586    
 1    1324.18        232.326        214.350        53.1189        60.0000       0.356586    
 1    1324.18        218.296        199.300        59.0534        62.6500       0.356586    
 1    1314.88        280.675        267.800        35.9299        47.2000       0.409827    
 1    1314.88        261.428        247.850        41.6386        53.3000       0.409827    
 1    1314.88        242.819        228.000        47.9845        55.8000       0.409827    
 1    1314.88        224.879        208.650        55.0005        60.9000       0.409827    
 1    1314.88        211.030        193.600        61.1162        68.0500       0.409827    
 1    1329.10        292.785        278.950        33.7962        41.8500       0.312018    
 1    1329.10        273.249        258.750        39.2153        46.0000       0.312018    
 1    1329.10        254.327        238.550        45.2488        48.8500       0.312018    
 1    1329.10        236.053        218.200        51.9302        56.0000       0.312018    
 1    1329.10        221.921        203.000        57.7627        60.8000       0.312018    
 1    1342.84        304.602        286.850        31.8511        40.0500       0.344116    
 1    1342.84        284.798        266.050        37.0029        44.3500       0.344116    
 1    1342.84        265.587        245.450        42.7474        47.3100       0.344116    
 1    1342.84        247.003        225.450        49.1185        51.9000       0.344116    
 1    1342.84        232.608        210.000        54.6879        56.1000       0.344116    
 1    1344.78        306.208        286.500        31.5224        35.6000       0.278010    
 1    1344.78        286.364        265.800        36.6330        41.5000       0.278010    
 1    1344.78        267.109        244.900        42.3335        45.3000       0.278010    
 1    1344.78        248.478        224.700        48.6578        50.3000       0.278010    
 1    1344.78        234.045        209.100        54.1878        52.8000       0.278010    
 1    1357.98        317.676        294.800        29.7702        33.6000       0.266282    
 1    1357.98        297.587        273.800        34.6367        36.9000       0.266282    
 1    1357.98        278.069        253.300        40.0727        39.9500       0.266282    
 1    1357.98        259.153        232.450        46.1122        45.7000       0.266282    
 1    1357.98        244.477        216.450        51.4001        49.8500       0.266282    
 1    1355.69        315.582        292.800        29.9812        31.5000       0.277798    
 1    1355.69        295.529        271.800        34.8830        38.0000       0.277798    
 1    1355.69        276.050        250.550        40.3581        40.6000       0.277798    
 1    1355.69        257.178        229.850        46.4405        44.0000       0.277798    
 1    1355.69        242.539        213.750        51.7655        47.3500       0.277798    
 1    1325.51        289.269        267.550        33.9230        38.4000       0.298248    
 1    1325.51        269.779        246.900        39.3874        35.5000       0.298248    
 1    1325.51        250.911        226.950        45.4732        43.7000       0.298248    
 1    1325.51        232.697        207.000        52.2143        52.4000       0.298248    
 1    1325.51        218.620        191.750        58.0999        57.0500       0.298248    
 1    1335.02        297.391        271.200        32.5234        34.6500       0.305559    
 1    1335.02        277.710        250.000        37.7971        38.7000       0.305559    
 1    1335.02        258.636        229.850        43.6771        43.1500       0.305559    
 1    1335.02        240.203        209.900        50.1975        49.7000       0.305559    
 1    1335.02        225.938        194.250        55.8963        52.5500       0.305559    
 1    1313.72        278.993        255.700        35.4811        38.7000       0.301507    
 1    1313.72        259.732        235.550        41.1737        42.4000       0.301507    
 1    1313.72        241.112        215.400        47.5077        48.0000       0.301507    
 1    1313.72        223.168        195.900        54.5166        53.5000       0.301507    
 1    1313.72        209.318        180.800        60.6303        56.5000       0.301507    
 1    1319.99        284.265        262.400        34.4783        36.1500       0.284770    
 1    1319.99        264.870        240.750        40.0375        40.0000       0.284770    
 1    1319.99        246.107        221.400        46.2281        45.2500       0.284770    
 1    1319.99        228.010        201.750        53.0838        49.9000       0.284770    
 1    1319.99        214.031        186.400        59.0683        54.8000       0.284770    
 1    1331.85        294.384        270.750        32.7222        34.6500       0.289359    
 1    1331.85        274.750        249.850        38.0410        38.3000       0.289359    
 1    1331.85        255.727        229.550        43.9720        42.8000       0.289359    
 1    1331.85        237.352        209.500        50.5495        48.0000       0.289359    
 1    1331.85        223.138        194.150        56.2984        52.1000       0.289359    
 1    1329.04        291.868        267.250        33.0312        33.8000       0.306822    
 1    1329.04        272.283        246.250        38.3994        38.3000       0.306822    
 1    1329.04        253.315        225.800        44.3847        42.8500       0.306822    
 1    1329.04        234.999        205.900        51.0214        47.5500       0.306822    
 1    1329.04        220.836        191.150        56.8210        52.0500       0.306822    
 1    1362.16        320.677        294.200        28.6613        27.1000       0.390578    
 1    1362.16        300.473        272.700        33.4104        32.7000       0.390578    
 1    1362.16        280.834        251.500        38.7240        34.3000       0.390578    
 1    1362.16        261.794        230.800        44.6368        38.5000       0.390578    
 1    1362.16        247.015        214.500        49.8205        42.1000       0.390578    
