8.671875	8.921875	9.15625	9.40625	9.671875	9.921875	10.1875	10.453125	10.71875	10.984375	11.265625	11.546875	11.828125	12.109375	12.40625	12.703125	12.984375	13.296875
8.734375	8.984375	9.234375	9.484375	9.734375	10	10.25	10.515625	10.796875	11.0625	11.34375	11.625	11.90625	12.1875	12.484375	12.78125	13.078125	13.375
8.78125	9.03125	9.28125	9.53125	9.78125	10.046875	10.3125	10.578125	10.84375	11.125	11.40625	11.6875	11.96875	12.25	12.546875	12.84375	13.140625	13.4375
8.78125	9.03125	9.28125	9.53125	9.78125	10.046875	10.3125	10.578125	10.84375	11.125	11.40625	11.6875	11.96875	12.25	12.546875	12.84375	13.140625	13.4375
8.65625	8.90625	9.15625	9.40625	9.65625	9.90625	10.171875	10.4375	10.71875	10.984375	11.265625	11.546875	11.828125	12.109375	12.40625	12.703125	13	13.296875
8.40625	8.65625	8.890625	9.140625	9.390625	9.640625	9.90625	10.15625	10.421875	10.703125	10.96875	11.25	11.53125	11.8125	12.09375	12.390625	12.671875	12.96875
8.390625	8.625	8.875	9.125	9.375	9.625	9.875	10.140625	10.40625	10.671875	10.953125	11.21875	11.5	11.78125	12.078125	12.359375	12.65625	12.953125
8.375	8.625	8.859375	9.109375	9.359375	9.609375	9.875	10.140625	10.40625	10.671875	10.9375	11.21875	11.5	11.78125	12.0625	12.359375	12.640625	12.9375
8.375	8.625	8.859375	9.109375	9.359375	9.609375	9.875	10.140625	10.40625	10.671875	10.9375	11.21875	11.5	11.78125	12.0625	12.359375	12.640625	12.9375
8.25	8.484375	8.71875	8.96875	9.21875	9.46875	9.734375	9.984375	10.25	10.515625	10.78125	11.0625	11.34375	11.625	11.90625	12.1875	12.484375	12.78125
8.109375	8.34375	8.578125	8.8125	9.0625	9.3125	9.5625	9.828125	10.09375	10.359375	10.625	10.890625	11.171875	11.453125	11.734375	12.015625	12.296875	12.59375
8.171875	8.40625	8.65625	8.890625	9.140625	9.390625	9.65625	9.90625	10.171875	10.4375	10.703125	10.984375	11.265625	11.546875	11.828125	12.109375	12.40625	12.703125
8.1875	8.421875	8.65625	8.90625	9.15625	9.40625	9.65625	9.921875	10.171875	10.4375	10.71875	10.984375	11.265625	11.546875	11.828125	12.125	12.40625	12.703125
8.1875	8.421875	8.65625	8.90625	9.15625	9.40625	9.65625	9.921875	10.171875	10.4375	10.71875	10.984375	11.265625	11.546875	11.828125	12.125	12.40625	12.703125
8.0625	8.296875	8.546875	8.78125	9.03125	9.28125	9.53125	9.796875	10.0625	10.328125	10.59375	10.859375	11.140625	11.421875	11.703125	11.984375	12.28125	12.578125
8.046875	8.28125	8.53125	8.765625	9.015625	9.265625	9.515625	9.78125	10.046875	10.3125	10.578125	10.84375	11.125	11.40625	11.6875	11.96875	12.265625	12.5625
7.953125	8.1875	8.421875	8.671875	8.921875	9.15625	9.421875	9.671875	9.9375	10.1875	10.46875	10.734375	11	11.28125	11.5625	11.859375	12.140625	12.4375
7.875	8.09375	8.34375	8.578125	8.8125	9.0625	9.3125	9.578125	9.828125	10.09375	10.359375	10.625	10.90625	11.171875	11.453125	11.734375	12.03125	12.3125
7.875	8.09375	8.34375	8.578125	8.8125	9.0625	9.3125	9.578125	9.828125	10.09375	10.359375	10.625	10.90625	11.171875	11.453125	11.734375	12.03125	12.3125
7.71875	7.953125	8.1875	8.421875	8.65625	8.90625	9.15625	9.40625	9.65625	9.921875	10.1875	10.453125	10.71875	11	11.28125	11.5625	11.84375	12.140625
7.734375	7.96875	8.203125	8.4375	8.671875	8.921875	9.171875	9.421875	9.6875	9.9375	10.203125	10.46875	10.75	11.015625	11.296875	11.578125	11.859375	12.15625
7.6875	7.90625	8.140625	8.390625	8.625	8.875	9.109375	9.375	9.625	9.890625	10.140625	10.421875	10.6875	10.953125	11.234375	11.515625	11.8125	12.09375
7.796875	8.03125	8.265625	8.5	8.75	8.984375	9.234375	9.5	9.75	10.015625	10.28125	10.546875	10.828125	11.109375	11.390625	11.671875	11.953125	12.25
7.796875	8.03125	8.265625	8.5	8.75	8.984375	9.234375	9.5	9.75	10.015625	10.28125	10.546875	10.828125	11.109375	11.390625	11.671875	11.953125	12.25
7.609375	7.84375	8.078125	8.3125	8.546875	8.796875	9.046875	9.296875	9.546875	9.8125	10.0625	10.34375	10.609375	10.875	11.15625	11.4375	11.71875	12.015625
7.546875	7.765625	8	8.234375	8.484375	8.71875	8.96875	9.21875	9.46875	9.734375	10	10.265625	10.53125	10.796875	11.078125	11.359375	11.640625	11.9375
7.484375	7.71875	7.953125	8.1875	8.421875	8.65625	8.90625	9.15625	9.40625	9.671875	9.9375	10.1875	10.46875	10.734375	11.015625	11.296875	11.578125	11.859375
7.546875	7.765625	8	8.234375	8.484375	8.71875	8.96875	9.21875	9.46875	9.734375	10	10.265625	10.53125	10.8125	11.078125	11.359375	11.65625	11.9375
7.546875	7.765625	8	8.234375	8.484375	8.71875	8.96875	9.21875	9.46875	9.734375	10	10.265625	10.53125	10.8125	11.078125	11.359375	11.65625	11.9375
7.578125	7.8125	8.046875	8.28125	8.53125	8.765625	9.015625	9.265625	9.53125	9.796875	10.046875	10.328125	10.59375	10.875	11.15625	11.4375	11.71875	12.015625
7.703125	7.9375	8.171875	8.421875	8.65625	8.90625	9.171875	9.421875	9.6875	9.9375	10.203125	10.484375	10.75	11.03125	11.3125	11.609375	11.890625	12.1875
7.8125	8.046875	8.28125	8.53125	8.78125	9.03125	9.28125	9.53125	9.796875	10.0625	10.328125	10.609375	10.890625	11.171875	11.453125	11.734375	12.03125	12.328125
7.609375	7.84375	8.078125	8.328125	8.5625	8.8125	9.0625	9.3125	9.578125	9.84375	10.109375	10.375	10.640625	10.921875	11.203125	11.484375	11.78125	12.0625
7.609375	7.84375	8.078125	8.328125	8.5625	8.8125	9.0625	9.3125	9.578125	9.84375	10.109375	10.375	10.640625	10.921875	11.203125	11.484375	11.78125	12.0625
7.453125	7.6875	7.921875	8.15625	8.390625	8.640625	8.890625	9.140625	9.390625	9.65625	9.921875	10.1875	10.453125	10.734375	11	11.296875	11.578125	11.859375
7.734375	7.96875	8.203125	8.453125	8.703125	8.953125	9.203125	9.46875	9.71875	9.984375	10.265625	10.53125	10.8125	11.09375	11.375	11.671875	11.953125	12.25
7.65625	7.890625	8.140625	8.375	8.625	8.875	9.125	9.375	9.640625	9.90625	10.171875	10.453125	10.71875	11	11.28125	11.578125	11.859375	12.15625
7.453125	7.6875	7.921875	8.15625	8.390625	8.640625	8.890625	9.140625	9.390625	9.65625	9.921875	10.1875	10.46875	10.734375	11.015625	11.296875	11.59375	11.875
7.46875	7.703125	7.9375	8.1875	8.421875	8.671875	8.921875	9.171875	9.4375	9.6875	9.953125	10.234375	10.5	10.78125	11.0625	11.34375	11.640625	11.921875
7.53125	7.765625	8	8.25	8.484375	8.734375	8.984375	9.25	9.5	9.765625	10.03125	10.3125	10.578125	10.859375	11.140625	11.421875	11.71875	12.015625
7.796875	8.046875	8.28125	8.53125	8.78125	9.03125	9.28125	9.546875	9.8125	10.078125	10.359375	10.640625	10.921875	11.203125	11.484375	11.78125	12.078125	12.375
7.734375	7.96875	8.21875	8.453125	8.703125	8.96875	9.21875	9.484375	9.75	10.015625	10.28125	10.5625	10.84375	11.125	11.40625	11.703125	12	12.296875
7.921875	8.15625	8.40625	8.640625	8.90625	9.15625	9.421875	9.6875	9.953125	10.21875	10.5	10.78125	11.0625	11.34375	11.640625	11.9375	12.234375	12.53125
7.921875	8.15625	8.40625	8.640625	8.90625	9.15625	9.421875	9.6875	9.953125	10.21875	10.5	10.78125	11.0625	11.34375	11.640625	11.9375	12.234375	12.53125
8.84375	9.109375	9.375	9.640625	9.90625	10.1875	10.46875	10.75	11.046875	11.328125	11.625	11.921875	12.234375	12.53125	12.84375	13.15625	13.484375	13.796875
8.796875	9.046875	9.3125	9.578125	9.859375	10.125	10.40625	10.6875	10.984375	11.265625	11.5625	11.859375	12.171875	12.46875	12.78125	13.09375	13.40625	13.734375
8.71875	8.984375	9.234375	9.5	9.78125	10.046875	10.328125	10.609375	10.890625	11.1875	11.484375	11.78125	12.078125	12.375	12.6875	13	13.3125	13.640625
8.78125	9.046875	9.3125	9.578125	9.84375	10.125	10.40625	10.6875	10.96875	11.265625	11.5625	11.859375	12.15625	12.46875	12.78125	13.09375	13.40625	13.71875
8.78125	9.046875	9.3125	9.578125	9.84375	10.125	10.40625	10.6875	10.96875	11.265625	11.5625	11.859375	12.15625	12.46875	12.78125	13.09375	13.40625	13.71875
8.5625	8.8125	9.078125	9.34375	9.609375	9.875	10.15625	10.4375	10.71875	11.015625	11.296875	11.59375	11.90625	12.203125	12.515625	12.8125	13.140625	13.453125
8.421875	8.671875	8.9375	9.203125	9.46875	9.734375	10	10.28125	10.5625	10.84375	11.140625	11.4375	11.734375	12.03125	12.34375	12.640625	12.953125	13.28125
8.75	9	9.265625	9.53125	9.8125	10.09375	10.375	10.65625	10.9375	11.234375	11.53125	11.828125	12.140625	12.4375	12.75	13.0625	13.390625	13.703125
8.75	9	9.265625	9.53125	9.8125	10.09375	10.375	10.65625	10.9375	11.234375	11.53125	11.828125	12.140625	12.4375	12.75	13.0625	13.390625	13.703125
8.75	9	9.265625	9.53125	9.8125	10.09375	10.375	10.65625	10.9375	11.234375	11.53125	11.828125	12.140625	12.4375	12.75	13.0625	13.390625	13.703125
8.578125	8.84375	9.09375	9.375	9.640625	9.90625	10.1875	10.46875	10.765625	11.046875	11.34375	11.640625	11.953125	12.25	12.5625	12.875	13.1875	13.515625
8.5	8.75	9.015625	9.28125	9.546875	9.828125	10.09375	10.375	10.671875	10.953125	11.25	11.546875	11.84375	12.15625	12.46875	12.78125	13.09375	13.40625
8.84375	9.109375	9.375	9.640625	9.921875	10.203125	10.484375	10.78125	11.0625	11.359375	11.65625	11.96875	12.28125	12.59375	12.90625	13.21875	13.546875	13.875
8.984375	9.25	9.515625	9.78125	10.0625	10.34375	10.640625	10.921875	11.21875	11.515625	11.828125	12.125	12.4375	12.75	13.078125	13.390625	13.71875	14.046875
8.984375	9.25	9.515625	9.78125	10.0625	10.34375	10.640625	10.921875	11.21875	11.515625	11.828125	12.125	12.4375	12.75	13.078125	13.390625	13.71875	14.046875
8.546875	8.8125	9.0625	9.34375	9.609375	9.890625	10.15625	10.453125	10.734375	11.03125	11.328125	11.625	11.921875	12.234375	12.546875	12.859375	13.1875	13.5
9.078125	9.34375	9.625	9.890625	10.171875	10.46875	10.75	11.046875	11.34375	11.65625	11.953125	12.265625	12.578125	12.890625	13.21875	13.546875	13.875	14.203125
9.25	9.53125	9.8125	10.09375	10.375	10.671875	10.953125	11.25	11.5625	11.859375	12.171875	12.484375	12.8125	13.125	13.453125	13.78125	14.109375	14.453125
9.234375	9.515625	9.796875	10.078125	10.359375	10.640625	10.9375	11.234375	11.546875	11.84375	12.15625	12.46875	12.78125	13.109375	13.4375	13.765625	14.09375	14.4375
9.234375	9.515625	9.796875	10.078125	10.359375	10.640625	10.9375	11.234375	11.546875	11.84375	12.15625	12.46875	12.78125	13.109375	13.4375	13.765625	14.09375	14.4375
9.25	9.515625	9.796875	10.078125	10.375	10.65625	10.953125	11.25	11.5625	11.859375	12.171875	12.484375	12.8125	13.125	13.453125	13.796875	14.125	14.46875
9.609375	9.890625	10.1875	10.46875	10.765625	11.0625	11.359375	11.671875	11.984375	12.296875	12.609375	12.9375	13.265625	13.59375	13.921875	14.265625	14.59375	14.953125
9.78125	10.0625	10.34375	10.640625	10.9375	11.234375	11.546875	11.859375	12.171875	12.484375	12.8125	13.125	13.453125	13.796875	14.125	14.46875	14.8125	15.15625
9.671875	9.953125	10.234375	10.53125	10.828125	11.125	11.4375	11.734375	12.046875	12.359375	12.6875	13.015625	13.34375	13.671875	14	14.34375	14.6875	15.03125
9.671875	9.953125	10.234375	10.53125	10.828125	11.125	11.4375	11.734375	12.046875	12.359375	12.6875	13.015625	13.34375	13.671875	14	14.34375	14.6875	15.03125
9.1875	9.46875	9.75	10.03125	10.328125	10.609375	10.90625	11.203125	11.515625	11.828125	12.140625	12.453125	12.765625	13.09375	13.421875	13.75	14.09375	14.4375
9.15625	9.4375	9.71875	10	10.296875	10.578125	10.875	11.171875	11.484375	11.796875	12.109375	12.421875	12.734375	13.0625	13.390625	13.71875	14.0625	14.390625
9.25	9.53125	9.8125	10.09375	10.375	10.671875	10.96875	11.28125	11.578125	11.890625	12.203125	12.53125	12.84375	13.171875	13.5	13.828125	14.171875	14.515625
9.328125	9.609375	9.890625	10.171875	10.46875	10.765625	11.0625	11.375	11.6875	12	12.3125	12.625	12.953125	13.28125	13.625	13.953125	14.296875	14.640625
9.328125	9.609375	9.890625	10.171875	10.46875	10.765625	11.0625	11.375	11.6875	12	12.3125	12.625	12.953125	13.28125	13.625	13.953125	14.296875	14.640625
9.265625	9.53125	9.8125	10.109375	10.390625	10.6875	11	11.296875	11.609375	11.921875	12.234375	12.546875	12.875	13.203125	13.53125	13.875	14.21875	14.5625
9.484375	9.765625	10.0625	10.34375	10.640625	10.9375	11.25	11.5625	11.875	12.1875	12.5	12.828125	13.15625	13.484375	13.828125	14.171875	14.515625	14.859375
9.109375	9.390625	9.671875	9.953125	10.25	10.546875	10.84375	11.140625	11.453125	11.75	12.078125	12.390625	12.71875	13.03125	13.375	13.703125	14.03125	14.375
9.171875	9.453125	9.734375	10.015625	10.3125	10.609375	10.90625	11.203125	11.515625	11.828125	12.140625	12.453125	12.78125	13.109375	13.4375	13.78125	14.109375	14.453125
9.171875	9.453125	9.734375	10.015625	10.3125	10.609375	10.90625	11.203125	11.515625	11.828125	12.140625	12.453125	12.78125	13.109375	13.4375	13.78125	14.109375	14.453125
9	9.265625	9.546875	9.828125	10.125	10.421875	10.71875	11.015625	11.3125	11.625	11.9375	12.265625	12.578125	12.90625	13.234375	13.578125	13.90625	14.25
8.953125	9.21875	9.5	9.78125	10.078125	10.359375	10.65625	10.96875	11.265625	11.578125	11.890625	12.203125	12.53125	12.859375	13.1875	13.515625	13.859375	14.203125
9.3125	9.59375	9.875	10.171875	10.453125	10.765625	11.0625	11.375	11.6875	12	12.3125	12.640625	12.96875	13.296875	13.640625	13.984375	14.328125	14.671875
9.140625	9.421875	9.703125	10	10.296875	10.59375	10.890625	11.1875	11.5	11.8125	12.140625	12.453125	12.78125	13.109375	13.453125	13.78125	14.125	14.46875
9.140625	9.421875	9.703125	10	10.296875	10.59375	10.890625	11.1875	11.5	11.8125	12.140625	12.453125	12.78125	13.109375	13.453125	13.78125	14.125	14.46875
8.75	9.03125	9.296875	9.578125	9.875	10.15625	10.453125	10.75	11.0625	11.359375	11.671875	12	12.3125	12.640625	12.96875	13.296875	13.640625	13.96875
8.796875	9.0625	9.34375	9.625	9.90625	10.203125	10.5	10.796875	11.109375	11.421875	11.734375	12.046875	12.359375	12.6875	13.015625	13.359375	13.6875	14.03125
8.765625	9.046875	9.3125	9.609375	9.890625	10.1875	10.46875	10.78125	11.078125	11.390625	11.703125	12.015625	12.34375	12.671875	13	13.328125	13.671875	14
8.59375	8.859375	9.140625	9.421875	9.703125	9.984375	10.28125	10.578125	10.875	11.1875	11.5	11.8125	12.125	12.453125	12.78125	13.109375	13.4375	13.78125
8.59375	8.859375	9.140625	9.421875	9.703125	9.984375	10.28125	10.578125	10.875	11.1875	11.5	11.8125	12.125	12.453125	12.78125	13.109375	13.4375	13.78125
8.59375	8.859375	9.140625	9.421875	9.703125	9.984375	10.28125	10.578125	10.875	11.1875	11.5	11.8125	12.125	12.453125	12.78125	13.109375	13.4375	13.78125
8.609375	8.890625	9.15625	9.4375	9.734375	10.015625	10.3125	10.609375	10.921875	11.21875	11.53125	11.859375	12.171875	12.5	12.828125	13.15625	13.5	13.84375
8.515625	8.796875	9.0625	9.34375	9.640625	9.921875	10.21875	10.515625	10.8125	11.125	11.4375	11.75	12.0625	12.390625	12.71875	13.046875	13.390625	13.71875
8.78125	9.0625	9.34375	9.625	9.90625	10.203125	10.5	10.8125	11.109375	11.421875	11.75	12.0625	12.390625	12.71875	13.046875	13.390625	13.734375	14.078125
8.78125	9.0625	9.34375	9.625	9.90625	10.203125	10.5	10.8125	11.109375	11.421875	11.75	12.0625	12.390625	12.71875	13.046875	13.390625	13.734375	14.078125
8.625	8.890625	9.171875	9.453125	9.75	10.046875	10.34375	10.640625	10.9375	11.25	11.5625	11.890625	12.21875	12.53125	12.875	13.203125	13.546875	13.890625
8.4375	8.71875	8.984375	9.265625	9.5625	9.84375	10.140625	10.4375	10.75	11.046875	11.359375	11.671875	12	12.328125	12.65625	12.984375	13.3125	13.65625
8.5625	8.84375	9.125	9.40625	9.6875	9.984375	10.28125	10.578125	10.890625	11.203125	11.515625	11.828125	12.15625	12.484375	12.8125	13.15625	13.484375	13.828125
8.46875	8.734375	9.015625	9.296875	9.578125	9.875	10.171875	10.46875	10.765625	11.078125	11.390625	11.71875	12.03125	12.359375	12.6875	13.015625	13.359375	13.703125
8.46875	8.734375	9.015625	9.296875	9.578125	9.875	10.171875	10.46875	10.765625	11.078125	11.390625	11.71875	12.03125	12.359375	12.6875	13.015625	13.359375	13.703125
8.34375	8.625	8.890625	9.171875	9.46875	9.75	10.046875	10.34375	10.65625	10.953125	11.265625	11.59375	11.90625	12.234375	12.5625	12.890625	13.234375	13.578125
8.484375	8.765625	9.03125	9.328125	9.609375	9.90625	10.203125	10.5	10.8125	11.125	11.4375	11.75	12.078125	12.40625	12.734375	13.078125	13.421875	13.765625
8.640625	8.921875	9.203125	9.484375	9.78125	10.078125	10.375	10.6875	11	11.3125	11.625	11.953125	12.28125	12.609375	12.9375	13.28125	13.625	13.96875
8.765625	9.046875	9.328125	9.625	9.921875	10.21875	10.515625	10.828125	11.140625	11.453125	11.78125	12.109375	12.4375	12.765625	13.109375	13.453125	13.796875	14.140625
8.765625	9.046875	9.328125	9.625	9.921875	10.21875	10.515625	10.828125	11.140625	11.453125	11.78125	12.109375	12.4375	12.765625	13.109375	13.453125	13.796875	14.140625
8.765625	9.046875	9.328125	9.625	9.921875	10.21875	10.515625	10.828125	11.140625	11.453125	11.78125	12.109375	12.4375	12.765625	13.109375	13.453125	13.796875	14.140625
9.21875	9.515625	9.8125	10.109375	10.421875	10.734375	11.046875	11.359375	11.6875	12.015625	12.34375	12.6875	13.015625	13.359375	13.71875	14.0625	14.421875	14.78125
9.046875	9.328125	9.625	9.921875	10.21875	10.53125	10.84375	11.15625	11.484375	11.796875	12.140625	12.46875	12.796875	13.140625	13.484375	13.84375	14.1875	14.546875
9.1875	9.484375	9.78125	10.078125	10.375	10.6875	11	11.328125	11.65625	11.984375	12.3125	12.640625	12.984375	13.328125	13.6875	14.03125	14.390625	14.75
9.1875	9.484375	9.78125	10.078125	10.375	10.6875	11	11.328125	11.65625	11.984375	12.3125	12.640625	12.984375	13.328125	13.6875	14.03125	14.390625	14.75
8.96875	9.265625	9.5625	9.859375	10.15625	10.46875	10.78125	11.09375	11.421875	11.734375	12.078125	12.40625	12.75	13.09375	13.4375	13.78125	14.140625	14.5
8.890625	9.171875	9.46875	9.765625	10.0625	10.375	10.6875	11	11.3125	11.640625	11.96875	12.296875	12.640625	12.984375	13.328125	13.671875	14.03125	14.390625
8.875	9.171875	9.46875	9.765625	10.0625	10.375	10.6875	11	11.3125	11.640625	11.96875	12.296875	12.640625	12.984375	13.328125	13.671875	14.03125	14.390625
8.671875	8.953125	9.234375	9.53125	9.828125	10.125	10.4375	10.75	11.0625	11.390625	11.71875	12.046875	12.375	12.71875	13.0625	13.40625	13.75	14.109375
8.671875	8.953125	9.234375	9.53125	9.828125	10.125	10.4375	10.75	11.0625	11.390625	11.71875	12.046875	12.375	12.71875	13.0625	13.40625	13.75	14.109375
8.671875	8.953125	9.234375	9.53125	9.828125	10.125	10.4375	10.75	11.0625	11.390625	11.71875	12.046875	12.375	12.71875	13.0625	13.40625	13.75	14.109375
8.296875	8.5625	8.859375	9.140625	9.4375	9.734375	10.03125	10.34375	10.65625	10.96875	11.28125	11.609375	11.9375	12.28125	12.609375	12.953125	13.296875	13.65625
8.34375	8.625	8.90625	9.1875	9.484375	9.78125	10.09375	10.390625	10.703125	11.03125	11.34375	11.671875	12	12.34375	12.6875	13.03125	13.375	13.71875
8.25	8.53125	8.8125	9.09375	9.390625	9.6875	9.984375	10.296875	10.609375	10.921875	11.234375	11.5625	11.890625	12.234375	12.5625	12.90625	13.25	13.609375
8.25	8.53125	8.8125	9.09375	9.390625	9.6875	9.984375	10.296875	10.609375	10.921875	11.234375	11.5625	11.890625	12.234375	12.5625	12.90625	13.25	13.609375
8.046875	8.3125	8.59375	8.890625	9.171875	9.46875	9.765625	10.078125	10.375	10.6875	11.015625	11.34375	11.65625	12	12.328125	12.671875	13.015625	13.359375
8	8.28125	8.5625	8.84375	9.125	9.421875	9.71875	10.03125	10.34375	10.65625	10.96875	11.296875	11.609375	11.953125	12.28125	12.625	12.96875	13.3125
8.09375	8.375	8.65625	8.953125	9.234375	9.53125	9.84375	10.140625	10.453125	10.765625	11.09375	11.421875	11.75	12.078125	12.421875	12.765625	13.109375	13.453125
8.40625	8.6875	8.984375	9.265625	9.578125	9.875	10.1875	10.5	10.8125	11.140625	11.46875	11.796875	12.125	12.46875	12.8125	13.15625	13.515625	13.875
8.40625	8.6875	8.984375	9.265625	9.578125	9.875	10.1875	10.5	10.8125	11.140625	11.46875	11.796875	12.125	12.46875	12.8125	13.15625	13.515625	13.875
7.984375	8.265625	8.546875	8.828125	9.125	9.421875	9.71875	10.03125	10.34375	10.65625	10.984375	11.296875	11.625	11.96875	12.296875	12.640625	13	13.34375
8.015625	8.296875	8.578125	8.859375	9.15625	9.453125	9.75	10.0625	10.375	10.6875	11.015625	11.34375	11.671875	12	12.34375	12.6875	13.03125	13.390625
7.84375	8.109375	8.390625	8.671875	8.96875	9.265625	9.5625	9.859375	10.171875	10.484375	10.796875	11.125	11.453125	11.78125	12.125	12.46875	12.8125	13.15625
7.640625	7.90625	8.1875	8.46875	8.75	9.03125	9.328125	9.625	9.9375	10.25	10.5625	10.875	11.203125	11.53125	11.859375	12.203125	12.546875	12.890625
7.640625	7.90625	8.1875	8.46875	8.75	9.03125	9.328125	9.625	9.9375	10.25	10.5625	10.875	11.203125	11.53125	11.859375	12.203125	12.546875	12.890625
7.359375	7.625	7.890625	8.171875	8.453125	8.734375	9.03125	9.328125	9.625	9.9375	10.234375	10.5625	10.875	11.203125	11.53125	11.859375	12.203125	12.546875
7.328125	7.59375	7.875	8.140625	8.421875	8.703125	9	9.296875	9.59375	9.90625	10.21875	10.53125	10.84375	11.171875	11.5	11.828125	12.171875	12.515625
7.0625	7.328125	7.59375	7.859375	8.140625	8.421875	8.703125	8.984375	9.28125	9.59375	9.890625	10.203125	10.515625	10.828125	11.15625	11.484375	11.8125	12.15625
7.125	7.375	7.640625	7.921875	8.1875	8.46875	8.765625	9.046875	9.34375	9.65625	9.953125	10.265625	10.578125	10.90625	11.234375	11.5625	11.890625	12.234375
7.125	7.375	7.640625	7.921875	8.1875	8.46875	8.765625	9.046875	9.34375	9.65625	9.953125	10.265625	10.578125	10.90625	11.234375	11.5625	11.890625	12.234375
7.296875	7.5625	7.828125	8.109375	8.390625	8.671875	8.96875	9.265625	9.5625	9.875	10.1875	10.5	10.828125	11.15625	11.484375	11.8125	12.15625	12.5
7.328125	7.59375	7.875	8.140625	8.421875	8.71875	9.015625	9.3125	9.609375	9.921875	10.234375	10.5625	10.875	11.203125	11.53125	11.875	12.21875	12.5625
7.296875	7.5625	7.84375	8.125	8.40625	8.6875	8.984375	9.28125	9.578125	9.890625	10.203125	10.53125	10.84375	11.171875	11.515625	11.84375	12.1875	12.53125
7.421875	7.6875	7.96875	8.25	8.53125	8.828125	9.125	9.421875	9.734375	10.046875	10.359375	10.6875	11.015625	11.34375	11.671875	12.015625	12.359375	12.71875
7.421875	7.6875	7.96875	8.25	8.53125	8.828125	9.125	9.421875	9.734375	10.046875	10.359375	10.6875	11.015625	11.34375	11.671875	12.015625	12.359375	12.71875
7.53125	7.796875	8.078125	8.359375	8.65625	8.953125	9.25	9.5625	9.875	10.1875	10.5	10.828125	11.171875	11.5	11.84375	12.1875	12.53125	12.890625
7.59375	7.875	8.15625	8.4375	8.734375	9.03125	9.328125	9.640625	9.953125	10.28125	10.59375	10.921875	11.25	11.59375	11.9375	12.28125	12.640625	12.984375
7.453125	7.71875	8	8.28125	8.578125	8.875	9.171875	9.46875	9.78125	10.09375	10.421875	10.75	11.078125	11.40625	11.75	12.09375	12.4375	12.796875
7.453125	7.734375	8.015625	8.296875	8.578125	8.875	9.1875	9.484375	9.796875	10.109375	10.4375	10.765625	11.09375	11.4375	11.765625	12.109375	12.46875	12.8125
7.421875	7.703125	7.984375	8.265625	8.546875	8.84375	9.15625	9.453125	9.765625	10.09375	10.40625	10.734375	11.078125	11.40625	11.75	12.09375	12.453125	12.796875
7.28125	7.5625	7.84375	8.125	8.40625	8.703125	9	9.3125	9.625	9.9375	10.25	10.578125	10.90625	11.25	11.578125	11.921875	12.28125	12.625
7.453125	7.71875	8	8.296875	8.578125	8.890625	9.1875	9.5	9.8125	10.125	10.453125	10.78125	11.109375	11.453125	11.796875	12.140625	12.5	12.859375
7.515625	7.796875	8.09375	8.375	8.671875	8.96875	9.28125	9.59375	9.90625	10.21875	10.546875	10.890625	11.21875	11.5625	11.90625	12.25	12.609375	12.96875
7.40625	7.6875	7.96875	8.25	8.546875	8.84375	9.15625	9.46875	9.78125	10.09375	10.421875	10.75	11.078125	11.421875	11.765625	12.109375	12.46875	12.828125
7.375	7.640625	7.921875	8.21875	8.515625	8.8125	9.109375	9.421875	9.734375	10.0625	10.390625	10.71875	11.046875	11.390625	11.734375	12.078125	12.4375	12.796875
7.34375	7.609375	7.90625	8.1875	8.484375	8.78125	9.078125	9.390625	9.703125	10.03125	10.359375	10.6875	11.015625	11.359375	11.703125	12.046875	12.40625	12.765625
7.09375	7.359375	7.640625	7.921875	8.21875	8.515625	8.8125	9.109375	9.421875	9.734375	10.0625	10.390625	10.71875	11.046875	11.390625	11.734375	12.078125	12.4375
6.96875	7.234375	7.5	7.78125	8.078125	8.359375	8.65625	8.96875	9.265625	9.578125	9.90625	10.21875	10.546875	10.890625	11.21875	11.5625	11.90625	12.265625
7.03125	7.296875	7.578125	7.859375	8.140625	8.4375	8.734375	9.046875	9.359375	9.671875	9.984375	10.3125	10.640625	10.984375	11.3125	11.65625	12.015625	12.359375
6.75	7.015625	7.28125	7.5625	7.84375	8.140625	8.4375	8.734375	9.03125	9.34375	9.65625	9.984375	10.3125	10.640625	10.96875	11.3125	11.65625	12.015625
6.546875	6.8125	7.078125	7.359375	7.625	7.921875	8.203125	8.5	8.796875	9.109375	9.421875	9.734375	10.0625	10.375	10.71875	11.046875	11.390625	11.734375
6.53125	6.796875	7.0625	7.328125	7.609375	7.890625	8.1875	8.46875	8.78125	9.078125	9.390625	9.71875	10.03125	10.359375	10.6875	11.03125	11.375	11.71875
6.609375	6.875	7.140625	7.421875	7.703125	7.984375	8.28125	8.578125	8.890625	9.1875	9.5	9.828125	10.15625	10.484375	10.8125	11.15625	11.5	11.84375
6.53125	6.796875	7.078125	7.34375	7.625	7.921875	8.203125	8.5	8.8125	9.125	9.4375	9.75	10.078125	10.40625	10.75	11.09375	11.4375	11.78125
6.53125	6.796875	7.078125	7.34375	7.625	7.921875	8.203125	8.5	8.8125	9.125	9.4375	9.75	10.078125	10.40625	10.75	11.09375	11.4375	11.78125
6.40625	6.65625	6.921875	7.203125	7.484375	7.765625	8.046875	8.34375	8.65625	8.953125	9.265625	9.59375	9.90625	10.234375	10.578125	10.90625	11.25	11.59375
6.265625	6.53125	6.796875	7.0625	7.34375	7.625	7.90625	8.203125	8.5	8.796875	9.109375	9.421875	9.75	10.078125	10.40625	10.734375	11.078125	11.421875
6.28125	6.546875	6.8125	7.078125	7.359375	7.640625	7.921875	8.21875	8.515625	8.828125	9.140625	9.453125	9.765625	10.09375	10.4375	10.765625	11.109375	11.453125
6.09375	6.359375	6.609375	6.875	7.15625	7.4375	7.71875	8	8.296875	8.609375	8.90625	9.21875	9.546875	9.859375	10.1875	10.53125	10.859375	11.203125
6	6.25	6.515625	6.78125	7.046875	7.328125	7.609375	7.90625	8.203125	8.5	8.8125	9.125	9.4375	9.75	10.078125	10.421875	10.75	11.09375
5.953125	6.203125	6.453125	6.71875	7	7.265625	7.546875	7.84375	8.140625	8.4375	8.734375	9.046875	9.359375	9.6875	10.015625	10.34375	10.6875	11.03125
5.890625	6.140625	6.390625	6.65625	6.9375	7.203125	7.484375	7.78125	8.0625	8.375	8.671875	8.984375	9.296875	9.625	9.9375	10.28125	10.609375	10.953125
5.828125	6.078125	6.34375	6.59375	6.875	7.140625	7.421875	7.71875	8	8.296875	8.609375	8.921875	9.234375	9.546875	9.875	10.203125	10.546875	10.890625
5.71875	5.953125	6.21875	6.46875	6.734375	7.015625	7.296875	7.578125	7.859375	8.15625	8.453125	8.765625	9.078125	9.390625	9.71875	10.046875	10.390625	10.71875
5.578125	5.828125	6.078125	6.34375	6.59375	6.875	7.140625	7.4375	7.71875	8.015625	8.3125	8.625	8.921875	9.25	9.5625	9.890625	10.234375	10.5625
5.5	5.734375	5.984375	6.25	6.515625	6.78125	7.046875	7.328125	7.625	7.90625	8.21875	8.515625	8.828125	9.140625	9.453125	9.78125	10.125	10.453125
5.59375	5.828125	6.09375	6.34375	6.609375	6.890625	7.15625	7.4375	7.734375	8.03125	8.328125	8.640625	8.953125	9.265625	9.59375	9.921875	10.265625	10.59375
5.484375	5.734375	5.984375	6.234375	6.5	6.765625	7.046875	7.328125	7.609375	7.90625	8.203125	8.515625	8.828125	9.140625	9.453125	9.78125	10.125	10.453125
5.53125	5.78125	6.03125	6.296875	6.5625	6.828125	7.109375	7.390625	7.6875	7.984375	8.28125	8.59375	8.90625	9.21875	9.546875	9.875	10.21875	10.546875
5.40625	5.65625	5.90625	6.15625	6.421875	6.6875	6.96875	7.25	7.53125	7.828125	8.125	8.4375	8.75	9.0625	9.390625	9.71875	10.046875	10.390625
5.296875	5.53125	5.78125	6.046875	6.296875	6.5625	6.84375	7.125	7.40625	7.703125	8	8.296875	8.609375	8.921875	9.25	9.578125	9.90625	10.234375
5.21875	5.453125	5.703125	5.953125	6.203125	6.46875	6.75	7.03125	7.3125	7.59375	7.890625	8.203125	8.5	8.8125	9.140625	9.46875	9.796875	10.125
5.3125	5.5625	5.8125	6.0625	6.328125	6.59375	6.875	7.15625	7.4375	7.734375	8.03125	8.34375	8.65625	8.96875	9.296875	9.625	9.953125	10.296875
5.25	5.484375	5.734375	6	6.25	6.515625	6.796875	7.078125	7.359375	7.65625	7.953125	8.265625	8.578125	8.890625	9.203125	9.53125	9.875	10.203125
5.125	5.375	5.625	5.875	6.140625	6.40625	6.671875	6.953125	7.234375	7.53125	7.828125	8.125	8.4375	8.75	9.078125	9.40625	9.734375	10.078125
5.078125	5.328125	5.5625	5.8125	6.078125	6.34375	6.609375	6.890625	7.1875	7.46875	7.765625	8.078125	8.375	8.703125	9.015625	9.34375	9.671875	10.015625
5.046875	5.28125	5.53125	5.78125	6.03125	6.296875	6.578125	6.859375	7.140625	7.421875	7.71875	8.03125	8.34375	8.65625	8.96875	9.296875	9.625	9.96875
4.984375	5.21875	5.46875	5.71875	5.96875	6.234375	6.515625	6.78125	7.078125	7.359375	7.65625	7.953125	8.265625	8.578125	8.90625	9.234375	9.5625	9.890625
4.796875	5.03125	5.265625	5.515625	5.765625	6.03125	6.296875	6.5625	6.84375	7.125	7.421875	7.71875	8.015625	8.328125	8.640625	8.96875	9.296875	9.625
4.703125	4.9375	5.1875	5.421875	5.671875	5.9375	6.203125	6.46875	6.75	7.046875	7.328125	7.625	7.9375	8.25	8.5625	8.890625	9.21875	9.546875
4.703125	4.9375	5.1875	5.421875	5.671875	5.9375	6.203125	6.46875	6.75	7.046875	7.328125	7.625	7.9375	8.25	8.5625	8.890625	9.21875	9.546875
4.640625	4.859375	5.09375	5.34375	5.59375	5.859375	6.109375	6.390625	6.671875	6.953125	7.234375	7.53125	7.84375	8.140625	8.46875	8.78125	9.109375	9.4375
4.453125	4.6875	4.921875	5.15625	5.40625	5.65625	5.90625	6.171875	6.453125	6.734375	7.015625	7.3125	7.609375	7.90625	8.21875	8.53125	8.859375	9.1875
4.5	4.734375	4.96875	5.203125	5.453125	5.71875	5.96875	6.234375	6.515625	6.796875	7.078125	7.375	7.671875	7.984375	8.296875	8.625	8.9375	9.28125
4.359375	4.578125	4.8125	5.046875	5.296875	5.546875	5.8125	6.078125	6.34375	6.625	6.90625	7.203125	7.5	7.8125	8.125	8.4375	8.765625	9.09375
4.328125	4.546875	4.78125	5.015625	5.25	5.515625	5.765625	6.03125	6.296875	6.578125	6.875	7.15625	7.453125	7.765625	8.078125	8.390625	8.71875	9.046875
4.28125	4.5	4.734375	4.96875	5.203125	5.453125	5.71875	5.984375	6.25	6.53125	6.8125	7.109375	7.40625	7.703125	8.015625	8.34375	8.65625	8.984375
4.09375	4.3125	4.53125	4.765625	5	5.25	5.5	5.75	6.015625	6.296875	6.5625	6.859375	7.140625	7.453125	7.75	8.0625	8.375	8.703125
4.15625	4.375	4.609375	4.84375	5.078125	5.328125	5.578125	5.84375	6.109375	6.390625	6.671875	6.953125	7.25	7.5625	7.859375	8.1875	8.5	8.828125
4.03125	4.25	4.46875	4.703125	4.953125	5.1875	5.453125	5.703125	5.96875	6.25	6.53125	6.8125	7.109375	7.40625	7.71875	8.03125	8.359375	8.6875
4.046875	4.265625	4.5	4.734375	4.96875	5.21875	5.46875	5.734375	6	6.28125	6.5625	6.859375	7.15625	7.453125	7.765625	8.078125	8.40625	8.734375
4.21875	4.453125	4.6875	4.921875	5.171875	5.421875	5.6875	5.953125	6.234375	6.515625	6.8125	7.109375	7.40625	7.71875	8.03125	8.359375	8.6875	9.015625
4	4.21875	4.453125	4.6875	4.921875	5.171875	5.421875	5.6875	5.953125	6.234375	6.515625	6.796875	7.09375	7.40625	7.71875	8.03125	8.359375	8.6875
3.921875	4.140625	4.359375	4.59375	4.828125	5.078125	5.328125	5.59375	5.859375	6.125	6.40625	6.703125	7	7.296875	7.609375	7.921875	8.234375	8.5625
3.875	4.078125	4.3125	4.546875	4.78125	5.03125	5.28125	5.53125	5.8125	6.078125	6.359375	6.65625	6.953125	7.25	7.5625	7.875	8.203125	8.53125
3.84375	4.0625	4.296875	4.53125	4.765625	5.015625	5.265625	5.53125	5.796875	6.0625	6.34375	6.640625	6.9375	7.234375	7.546875	7.875	8.1875	8.515625
3.84375	4.0625	4.28125	4.515625	4.765625	5	5.265625	5.53125	5.796875	6.0625	6.359375	6.640625	6.9375	7.25	7.5625	7.875	8.203125	8.53125
3.796875	4.015625	4.234375	4.46875	4.703125	4.953125	5.203125	5.46875	5.734375	6.015625	6.296875	6.578125	6.875	7.1875	7.5	7.8125	8.140625	8.46875
3.625	3.828125	4.046875	4.265625	4.5	4.75	5	5.25	5.515625	5.78125	6.0625	6.34375	6.640625	6.9375	7.234375	7.546875	7.875	8.1875
3.484375	3.6875	3.90625	4.125	4.359375	4.59375	4.84375	5.09375	5.34375	5.625	5.890625	6.171875	6.46875	6.765625	7.0625	7.375	7.703125	8.015625
3.515625	3.734375	3.953125	4.171875	4.40625	4.640625	4.890625	5.140625	5.40625	5.6875	5.953125	6.25	6.53125	6.84375	7.140625	7.453125	7.78125	8.109375
3.734375	3.953125	4.1875	4.421875	4.65625	4.90625	5.171875	5.4375	5.703125	5.984375	6.265625	6.5625	6.875	7.171875	7.5	7.8125	8.15625	8.484375
3.796875	4.015625	4.25	4.484375	4.71875	4.984375	5.234375	5.515625	5.78125	6.0625	6.359375	6.65625	6.96875	7.28125	7.59375	7.921875	8.265625	8.59375
3.84375	4.078125	4.296875	4.546875	4.796875	5.046875	5.3125	5.59375	5.859375	6.15625	6.453125	6.75	7.0625	7.375	7.703125	8.03125	8.359375	8.71875
3.84375	4.078125	4.3125	4.546875	4.796875	5.0625	5.328125	5.609375	5.890625	6.1875	6.484375	6.796875	7.109375	7.4375	7.765625	8.09375	8.4375	8.796875
3.84375	4.078125	4.3125	4.546875	4.796875	5.0625	5.328125	5.609375	5.890625	6.1875	6.484375	6.796875	7.109375	7.4375	7.765625	8.09375	8.4375	8.796875
3.625	3.84375	4.0625	4.3125	4.546875	4.796875	5.0625	5.328125	5.609375	5.890625	6.1875	6.484375	6.796875	7.109375	7.4375	7.765625	8.09375	8.4375
3.515625	3.734375	3.953125	4.1875	4.4375	4.6875	4.9375	5.203125	5.484375	5.765625	6.046875	6.34375	6.65625	6.96875	7.28125	7.609375	7.953125	8.28125
3.640625	3.875	4.109375	4.34375	4.59375	4.84375	5.109375	5.390625	5.671875	5.953125	6.25	6.546875	6.859375	7.1875	7.515625	7.84375	8.1875	8.53125
3.21875	3.4375	3.65625	3.875	4.109375	4.34375	4.59375	4.859375	5.125	5.40625	5.6875	5.96875	6.265625	6.578125	6.890625	7.21875	7.546875	7.875
3.109375	3.3125	3.515625	3.734375	3.96875	4.203125	4.453125	4.703125	4.96875	5.234375	5.515625	5.8125	6.09375	6.40625	6.71875	7.03125	7.359375	7.6875
3.046875	3.25	3.453125	3.671875	3.90625	4.140625	4.375	4.640625	4.890625	5.171875	5.4375	5.734375	6.015625	6.328125	6.640625	6.953125	7.28125	7.609375
2.96875	3.15625	3.375	3.578125	3.8125	4.046875	4.28125	4.53125	4.796875	5.0625	5.328125	5.625	5.90625	6.203125	6.515625	6.828125	7.15625	7.484375
2.96875	3.171875	3.390625	3.59375	3.828125	4.0625	4.3125	4.5625	4.8125	5.09375	5.359375	5.65625	5.9375	6.25	6.5625	6.875	7.203125	7.53125
2.828125	3.015625	3.234375	3.4375	3.671875	3.890625	4.140625	4.390625	4.640625	4.90625	5.1875	5.46875	5.765625	6.0625	6.375	6.6875	7.015625	7.34375
2.75	2.9375	3.140625	3.359375	3.578125	3.8125	4.046875	4.296875	4.546875	4.8125	5.078125	5.375	5.65625	5.953125	6.265625	6.578125	6.90625	7.234375
2.734375	2.921875	3.125	3.34375	3.5625	3.796875	4.03125	4.28125	4.53125	4.796875	5.078125	5.359375	5.640625	5.953125	6.25	6.578125	6.890625	7.21875
2.734375	2.921875	3.125	3.34375	3.5625	3.796875	4.03125	4.28125	4.53125	4.796875	5.078125	5.359375	5.640625	5.953125	6.25	6.578125	6.890625	7.21875
