1419.04
1413.38
1398.96
1398.08
1398.08
1382.2
1358.59
1368.71
1387.57
1370.26
1369.57
1390.78
1385.14
1376.92
1378.53
1366.94
1371.97
1390.69
1399.98
1403.36
1397.91
1405.82
1402.31
1391.57
1369.1
1369.58
1363.72
1354.58
1357.99
1353.39
1338.35
1330.66
1324.8
1304.86
1295.22
1315.99
1316.63
1318.86
1320.68
1317.82
1317.82
1332.42
1313.32
1310.33
1278.04
1278.18
1285.5
1315.13
1314.99
1325.66
1308.93
1324.18
1314.88
1329.1
1342.84
1344.78
1357.98
1355.69
1325.51
1335.02
1313.72
1319.99
1331.85
1329.04
1362.16
1365.51
1374.02
1374.02
1367.58
1354.68
1352.46
1341.47
1341.45
1334.76
1356.78
1353.64
1363.67
1372.78
1376.51
1362.66
1350.52
1338.31
1337.89