           1  0.720185912506060     
           2  0.182714968861295     
           3  0.106686282211348     
           4  0.450874373874051     
           5  0.656533100450176     
           6 -0.976234454380011     
           7  9.800144043083006E-003
           8  2.952004036696929E-005
           9  0.437275660948384     
          10  3.628583200635047E-002
          11 -0.809373912811929     
          12   2.50622989312887     
           1  0.720143461069041     
           2  0.182714989808723     
           3  0.106687060518527     
           4  0.450879171980323     
           5  0.656537417953373     
           6 -0.976233952073375     
           7  9.800148580023369E-003
           8  5.620716694534775E-004
           9  0.437277487480211     
          10  3.628595481906182E-002
          11 -0.809373983709163     
          12   2.50644931063214     
           1  0.720036375430251     
           2  0.182715990112798     
           3  0.106688907765715     
           4  0.450889566543922     
           5  0.656546310934801     
           6 -0.976232849236173     
           7  9.800165873792300E-003
           8  3.842863447727604E-004
           9  0.437276726131259     
          10  3.628608447707678E-002
          11 -0.809374222224967     
          12   2.50551649473294     
           1  0.720059417056600     
           2  0.182715569849824     
           3  0.106688521058445     
           4  0.450887728617299     
           5  0.656544834205170     
           6 -0.976233051708372     
           7  9.800159453629562E-003
           8  4.305504772121286E-004
           9  0.437277028323402     
          10  3.628605667306269E-002
          11 -0.809374136314063     
          12   2.50564541444429     
           1  0.720072915416837     
           2  0.182715546364962     
           3  0.106688257550802     
           4  0.450886310355868     
           5  0.656543534129526     
           6 -0.976233208376588     
           7  9.800158178257879E-003
           8  1.848734555433821E-004
           9  0.437276385617127     
          10  3.628600741636866E-002
          11 -0.809374117132314     
          12   2.50556023889013     
           1  0.720082385804304     
           2  0.182716122259390     
           3  0.106687981531478     
           4  0.450884267765664     
           5  0.656541367610653     
           6 -0.976233420038369     
           7  9.800160177932686E-003
           8  2.712491144089984E-004
           9  0.437276445810295     
          10  3.628619859447127E-002
          11 -0.809374132237333     
          12   2.50444383307877     
           1  0.720092965465948     
           2  0.182715670068925     
           3  0.106687869577000     
           4  0.450883836244276     
           5  0.656541233230726     
           6 -0.976233468224551     
           7  9.800155429659585E-003
           8  2.464308726680668E-004
           9  0.437276422846698     
          10  3.628604887398795E-002
          11 -0.809374070733483     
          12   2.50525715716746     
           1  0.720105542435296     
           2  0.182715591230498     
           3  0.106687627760997     
           4  0.450882620486940     
           5  0.656540140709227     
           6 -0.976233604124765     
           7  9.800152599947652E-003
           8  1.990758318517804E-004
           9  0.437276550298926     
          10  3.628602189112003E-002
          11 -0.809374033151290     
          12   2.50560921228450     
           1  0.720111709122794     
           2  0.182715615763145     
           3  0.106687507385601     
           4  0.450881888672515     
           5  0.656539461847121     
           6 -0.976233682098915     
           7  9.800151248877047E-003
           8  2.724756706091211E-004
           9  0.437276821198558     
          10  3.628605955284633E-002
          11 -0.809374011787027     
          12   2.50548845816594     
           1  0.720152373127624     
           2  0.182715696933479     
           3  0.106686735003415     
           4  0.450877177889840     
           5  0.656535146992050     
           6 -0.976234180766983     
           7  9.800147601360809E-003
           8  1.208937213074591E-004
           9  0.437276293532961     
          10  3.628606128901163E-002
          11 -0.809373952514563     
          12   2.50512356966263     
           1  0.720196821054569     
           2  0.182715745845084     
           3  0.106685879939081     
           4  0.450872153932391     
           5  0.656530537094834     
           6 -0.976234718797021     
           7  9.800140289279780E-003
           8  1.444484019503845E-004
           9  0.437276491498079     
          10  3.628610101374766E-002
          11 -0.809373841252977     
          12   2.50504757077894     
           1  0.720292744254745     
           2  0.182715796304929     
           3  0.106684068833856     
           4  0.450861323007358     
           5  0.656520668727511     
           6 -0.976235871038256     
           7  9.800123415439069E-003
           8  8.101710461787016E-006
           9  0.437276052229975     
          10  3.628614022567388E-002
          11 -0.809373580272131     
          12   2.50412132284485     
           1  0.720343966069944     
           2  0.182714880856242     
           3  0.106683271784393     
           4  0.450857036984774     
           5  0.656517298054527     
           6 -0.976236323586613     
           7  9.800120145057715E-003
           8  1.255784512229219E-007
           9  0.437276163671638     
          10  3.628595577602033E-002
          11 -0.809373546095861     
          12   2.50517184965889     
           1  0.720359164621392     
           2  0.182715071316266     
           3  0.106682961394106     
           4  0.450854995176343     
           5  0.656515349876586     
           6 -0.976236537764333     
           7  9.800114805228030E-003
           8  1.273884230697920E-007
           9  0.437275948166867     
          10  3.628602163140313E-002
          11 -0.809373457119575     
          12   2.50402216273990     
           1  0.720446968532224     
           2  0.182715125613887     
           3  0.106681326104630     
           4  0.450845009769238     
           5  0.656506285338742     
           6 -0.976237591585166     
           7  9.800107384894789E-003
           8  4.850946305267395E-008
           9  0.437275872308956     
          10  3.628603154395882E-002
          11 -0.809373342719640     
          12   2.50422907652431     
           1  0.720489508055584     
           2  0.182715284990074     
           3  0.106680517737918     
           4  0.450839935547921     
           5  0.656501615955469     
           6 -0.976238123935901     
           7  9.800102657338286E-003
           8  9.444279054463869E-008
           9  0.437275757163811     
          10  3.628604796255393E-002
          11 -0.809373269017011     
          12   2.50413284884661     
           1  0.720501093411955     
           2  0.182715339421322     
           3  0.106680302375460     
           4  0.450838509554691     
           5  0.656500309720678     
           6 -0.976238271048212     
           7  9.800101735702321E-003
           8  7.804188544117969E-008
           9  0.437275643863660     
          10  3.628605207951387E-002
          11 -0.809373253656449     
          12   2.50413264009806     
           1  0.720373850679362     
           2  0.182716205029515     
           3  0.106682547091552     
           4  0.450851317535092     
           5  0.656511471557873     
           6 -0.976236909121788     
           7  9.800111953267571E-003
           8  6.830976924755694E-009
           9  0.437275269995359     
          10  3.628619919905881E-002
          11 -0.809373393279316     
          12   2.50277691547618     
           1  0.720368696549788     
           2  0.182715864613130     
           3  0.106682691673075     
           4  0.450852460339975     
           5  0.656512685862112     
           6 -0.976236789603996     
           7  9.800120123980106E-003
           8  1.057913658533542E-008
           9  0.437275442624682     
          10  3.628610731629732E-002
          11 -0.809373528227049     
          12   2.50414149707489     
           1  0.720334945155238     
           2  0.182715748877078     
           3  0.106683334759267     
           4  0.450856454777320     
           5  0.656516362360562     
           6 -0.976236369212647     
           7  9.800127228302462E-003
           8  1.866347339921227E-008
           9  0.437275511706874     
          10  3.628609226950413E-002
          11 -0.809373636769607     
          12   2.50426724512566     
           1  0.720306416243156     
           2  0.182715591653967     
           3  0.106683898153716     
           4  0.450859878455154     
           5  0.656519564594895     
           6 -0.976236003034990     
           7  9.800130599724203E-003
           8  2.238658552774539E-008
           9  0.437275475640949     
          10  3.628605137172668E-002
          11 -0.809373692099003     
          12   2.50456866222267     
           1  0.720268285239672     
           2  0.182715577398642     
           3  0.106684608371749     
           4  0.450864175034353     
           5  0.656523465466881     
           6 -0.976235547317330     
           7  9.800135452852892E-003
           8  1.015763348153164E-008
           9  0.437275485857757     
          10  3.628604985184396E-002
          11 -0.809373767278901     
          12   2.50473148429037     
           1  0.720235458243489     
           2  0.182715395934505     
           3  0.106685257960100     
           4  0.450868120617372     
           5  0.656527156809299     
           6 -0.976235125457110     
           7  9.800139026107187E-003
           8  2.101185420641067E-007
           9  0.437275444455729     
          10  3.628599617433866E-002
          11 -0.809373826784969     
          12   2.50512621367250     
           1  0.720167415518237     
           2  0.182715258202514     
           3  0.106686565388326     
           4  0.450875900418193     
           5  0.656534318075472     
           6 -0.976234291946487     
           7  9.800141907096608E-003
           8  5.304084339159783E-008
           9  0.437275319273216     
          10  3.628594871361375E-002
          11 -0.809373878096012     
          12   2.50575250275605     
           1  0.720082124259447     
           2  0.182715895280073     
           3  0.106688047090549     
           4  0.450884395893516     
           5  0.656541670486011     
           6 -0.976233391905713     
           7  9.800145592597675E-003
           8  4.054641522802169E-008
           9  0.437275122594054     
          10  3.628612566770507E-002
          11 -0.809373922235301     
          12   2.50475239703747     
           1  0.719949106033994     
           2  0.182715929417007     
           3  0.106690524619889     
           4  0.450899305922910     
           5  0.656555170422030     
           6 -0.976231812032611     
           7  9.800161720282757E-003
           8  3.930858127366924E-008
           9  0.437275150738597     
          10  3.628607586461397E-002
          11 -0.809374174631979     
          12   2.50573221823091     
           1  0.719896621224837     
           2  0.182715834709514     
           3  0.106691512409368     
           4  0.450905411040192     
           5  0.656560742120399     
           6 -0.976231169858066     
           7  9.800165383275975E-003
           8  5.594118387254755E-008
           9  0.437275260138549     
          10  3.628603227526495E-002
          11 -0.809374235493855     
          12   2.50616211744655     
           1  0.719835495515193     
           2  0.182715812083707     
           3  0.106692651040360     
           4  0.450912396236551     
           5  0.656567069584774     
           6 -0.976230436352926     
           7  9.800173680060423E-003
           8  1.733660924129937E-007
           9  0.437275364863710     
          10  3.628599746638931E-002
          11 -0.809374364136501     
          12   2.50644956527596     
           1  0.719808174406874     
           2  0.182715817597661     
           3  0.106693146676993     
           4  0.450915544400536     
           5  0.656569892982995     
           6 -0.976230110761367     
           7  9.800177663495939E-003
           8  3.637475374633109E-008
           9  0.437275543248208     
          10  3.628597995724573E-002
          11 -0.809374426798569     
          12   2.50671377008449     
           1  0.719814339562885     
           2  0.182715862430451     
           3  0.106693020951533     
           4  0.450914805680856     
           5  0.656569190549601     
           6 -0.976230191389556     
           7  9.800179174999138E-003
           8  6.019619389265047E-010
           9  0.437275585019757     
          10  3.628598446525760E-002
          11 -0.809374448208717     
          12   2.50667034533345     
           1  0.719838288544132     
           2  0.182715947818274     
           3  0.106692562218266     
           4  0.450911971190568     
           5  0.656566576443787     
           6 -0.976230491168726     
           7  9.800180045757990E-003
           8  8.852078842636552E-009
           9  0.437275557597182     
          10  3.628600314548668E-002
          11 -0.809374457518200     
          12   2.50645433923275     
           1  0.719876448392975     
           2  0.182716050661481     
           3  0.106691830631329     
           4  0.450907511370081     
           5  0.656562474023728     
           6 -0.976230964123575     
           7  9.800178125144358E-003
           8  1.928042085661761E-009
           9  0.437275512128588     
          10  3.628604780095742E-002
          11 -0.809374422816226     
          12   2.50605226320266     
           1  0.719862052884192     
           2  0.182716033198904     
           3  0.106692102421859     
           4  0.450909170267644     
           5  0.656563985759854     
           6 -0.976230789133405     
           7  9.800179881862161E-003
           8  1.335679764672837E-009
           9  0.437275544294186     
          10  3.628602974885674E-002
          11 -0.809374451150631     
          12   2.50621060726821     
           1  0.719865216709307     
           2  0.182716033030856     
           3  0.106692046433377     
           4  0.450908794187567     
           5  0.656563651290477     
           6 -0.976230827310634     
           7  9.800179353015401E-003
           8  3.950635602465041E-009
           9  0.437275498519090     
          10  3.628603341666385E-002
          11 -0.809374442803367     
          12   2.50616966076330     
           1  0.719828622054603     
           2  0.182715903928874     
           3  0.106692749605279     
           4  0.450913118248717     
           5  0.656567641203185     
           6 -0.976230369427720     
           7  9.800179578971814E-003
           8  1.668817508212938E-007
           9  0.437275554799649     
          10  3.628599935417980E-002
          11 -0.809374452430860     
          12   2.50653700763038     
           1  0.719793535259395     
           2  0.182715791793134     
           3  0.106693426879354     
           4  0.450917230827571     
           5  0.656571437908033     
           6 -0.976229932248863     
           7  9.800179751166852E-003
           8  1.922212130183061E-008
           9  0.437275556604451     
          10  3.628596112581101E-002
          11 -0.809374460748383     
          12   2.50689739072858     
           1  0.719776416490956     
           2  0.182715741512802     
           3  0.106693751891341     
           4  0.450919245324876     
           5  0.656573287423258     
           6 -0.976229720219583     
           7  9.800179991917370E-003
           8  3.876674236931058E-008
           9  0.437275584583251     
          10  3.628594891965076E-002
          11 -0.809374467130852     
          12   2.50706083126516     
           1  0.719805550142862     
           2  0.182715702979650     
           3  0.106693179724826     
           4  0.450916136910028     
           5  0.656570435048184     
           6 -0.976230062839944     
           7  9.800175802864955E-003
           8  1.176078537945766E-007
           9  0.437275866857250     
          10  3.628600352745921E-002
          11 -0.809374401788494     
          12   2.50679236614097     
           1  0.719848262501225     
           2  0.182715744477333     
           3  0.106692371128832     
           4  0.450911261131830     
           5  0.656565987653183     
           6 -0.976230579636191     
           7  9.800172779512999E-003
           8  2.114980237976015E-008
           9  0.437275862925184     
          10  3.628602175945758E-002
          11 -0.809374353942829     
          12   2.50667881531911     
           1  0.719887416439861     
           2  0.182715837606511     
           3  0.106691635854094     
           4  0.450906654657478     
           5  0.656561780861283     
           6 -0.976231062389331     
           7  9.800172663299366E-003
           8  1.880141417078998E-008
           9  0.437275692973535     
          10  3.628604606719014E-002
          11 -0.809374347342336     
          12   2.50635992839280     
           1  0.719997250777869     
           2  0.182715861288381     
           3  0.106689580603119     
           4  0.450894250823107     
           5  0.656550521890803     
           6 -0.976232376085543     
           7  9.800165537276523E-003
           8  2.700978613052414E-008
           9  0.437275670715713     
          10  3.628610503715340E-002
          11 -0.809374229558623     
          12   2.50549389150445     
           1  0.720067542943570     
           2  0.182715979921186     
           3  0.106688277087764     
           4  0.450886066376302     
           5  0.656543081053768     
           6 -0.976233233106436     
           7  9.800163561196394E-003
           8  9.018128092249507E-009
           9  0.437275381278762     
          10  3.628611022643096E-002
          11 -0.809374192584281     
          12   2.50504390014346     
           1  0.720095353476370     
           2  0.182716056669371     
           3  0.106687771950670     
           4  0.450882717008368     
           5  0.656540047008588     
           6 -0.976233576974714     
           7  9.800163318516819E-003
           8  1.209469863915300E-008
           9  0.437275116441117     
          10  3.628610587754321E-002
          11 -0.809374185241262     
          12   2.50482958327339     
           1  0.720092296807270     
           2  0.182716086942511     
           3  0.106687808583730     
           4  0.450883090976663     
           5  0.656540340024373     
           6 -0.976233544817279     
           7  9.800164739359010E-003
           8  2.512891463230915E-008
           9  0.437275293368345     
          10  3.628611551061975E-002
          11 -0.809374206373535     
          12   2.50484011988119     
           1  0.720106642447711     
           2  0.182716177566904     
           3  0.106687517337183     
           4  0.450881381833110     
           5  0.656538723437617     
           6 -0.976233730458406     
           7  9.800163426477411E-003
           8  2.114775229335996E-008
           9  0.437275385173691     
          10  3.628613870933556E-002
          11 -0.809374184032075     
          12   2.50467636057666     
           1  0.720136976322415     
           2  0.182715391419290     
           3  0.106687074876503     
           4  0.450879341378714     
           5  0.656537287329010     
           6 -0.976233950958684     
           7  9.800158866299449E-003
           8  1.745812821873891E-008
           9  0.437275706583925     
          10  3.628594417089428E-002
          11 -0.809374132000185     
          12   2.50589293473002     
           1  0.720218754473673     
           2  0.182715425587180     
           3  0.106685504984976     
           4  0.450870218269680     
           5  0.656528933536161     
           6 -0.976234932237796     
           7  9.800147373161157E-003
           8  9.604589674641004E-008
           9  0.437276052166432     
          10  3.628604916899153E-002
          11 -0.809373950881326     
          12   2.50508151291919     
           1  0.720306297469139     
           2  0.182715046599173     
           3  0.106683928928060     
           4  0.450861054286470     
           5  0.656520818342685     
           6 -0.976235908418143     
           7  9.800135879295440E-003
           8  1.858893529387227E-007
           9  0.437276278314755     
          10  3.628597334010737E-002
          11 -0.809373783516129     
          12   2.50542218932309     
           1  0.720375521218946     
           2  0.182715256968608     
           3  0.106682605622365     
           4  0.450852935172390     
           5  0.656513343154228     
           6 -0.976236769353730     
           7  9.800132326122549E-003
           8  1.003204101561927E-007
           9  0.437276186916887     
          10  3.628601960402361E-002
          11 -0.809373723351976     
          12   2.50508136968208     
           1  0.720406565476773     
           2  0.182715391177777     
           3  0.106682014623787     
           4  0.450849192403947     
           5  0.656509891914507     
           6 -0.976237162715419     
           7  9.800128520883878E-003
           8  3.152846314547325E-008
           9  0.437276023220532     
          10  3.628604523886220E-002
          11 -0.809373661430669     
          12   2.50470740077824     
           1  0.720430017938562     
           2  0.182715382077410     
           3  0.106681596014255     
           4  0.450846494301869     
           5  0.656507481552563     
           6 -0.976237441503910     
           7  9.800126670251357E-003
           8  8.094850777283079E-009
           9  0.437275757259500     
          10  3.628603737986047E-002
          11 -0.809373632511013     
          12   2.50457909580467     
           1  0.720448626515827     
           2  0.182715440781131     
           3  0.106681245051398     
           4  0.450844279768051     
           5  0.656505451721533     
           6 -0.976237674386273     
           7  9.800126109811057E-003
           8  8.176031313800299E-011
           9  0.437275644839193     
          10  3.628605225205204E-002
          11 -0.809373621633822     
          12   2.50443735308832     
           1  0.720453912964321     
           2  0.182715236033372     
           3  0.106681188193158     
           4  0.450843974878417     
           5  0.656505304445634     
           6 -0.976237702378316     
           7  9.800126179431327E-003
           8  7.833452712920169E-008
           9  0.437275618111236     
          10  3.628600075673139E-002
          11 -0.809373627816967     
          12   2.50478020354204     
           1  0.720451485718840     
           2  0.182714915850267     
           3  0.106681288358524     
           4  0.450844765422200     
           5  0.656506201023276     
           6 -0.976237617882660     
           7  9.800127078595322E-003
           8  1.062755550697695E-009
           9  0.437275672484485     
          10  3.628593035444799E-002
          11 -0.809373648383518     
          12   2.50525813952710     
           1  0.720508297204519     
           2  0.182715065444114     
           3  0.106680188498844     
           4  0.450838209280476     
           5  0.656500145436094     
           6 -0.976238320690398     
           7  9.800117820253897E-003
           8  3.742192631923189E-009
           9  0.437275759790238     
          10  3.628599873330951E-002
          11 -0.809373503171747     
          12   2.50479286656720     
           1  0.720508297173215     
           2  0.182715065444279     
           3  0.106680188499409     
           4  0.450838209283714     
           5  0.656500145438950     
           6 -0.976238320690053     
           7  9.800117820261078E-003
           8  8.798082515250331E-009
           9  0.437275759806178     
          10  3.628599873461737E-002
          11 -0.809373503171855     
          12   2.50479286669374     
           1  0.720508297194093     
           2  0.182715065444200     
           3  0.106680188499028     
           4  0.450838209281511     
           5  0.656500145436989     
           6 -0.976238320690288     
           7  9.800117820257831E-003
           8  6.815376054385907E-009
           9  0.437275759799927     
          10  3.628599873410432E-002
          11 -0.809373503171806     
          12   2.50479286660730     
           1  0.720508297163945     
           2  0.182715065444204     
           3  0.106680188499594     
           4  0.450838209284851     
           5  0.656500145440025     
           6 -0.976238320689930     
           7  9.800117820258249E-003
           8  1.047876810445276E-008
           9  0.437275759811651     
          10  3.628599873506617E-002
          11 -0.809373503171815     
          12   2.50479286674001     
           1  0.720508297197279     
           2  0.182715065444136     
           3  0.106680188498977     
           4  0.450838209281249     
           5  0.656500145436785     
           6 -0.976238320690315     
           7  9.800117820255316E-003
           8  6.703039402931323E-009
           9  0.437275759799622     
          10  3.628599873407955E-002
          11 -0.809373503171769     
          12   2.50479286659777     
           1  0.720508297230442     
           2  0.182715065443876     
           3  0.106680188498391     
           4  0.450838209277940     
           5  0.656500145433916     
           6 -0.976238320690667     
           7  9.800117820245141E-003
           8  4.441657180272620E-009
           9  0.437275759792673     
          10  3.628599873350902E-002
          11 -0.809373503171619     
          12   2.50479286646991     
