 1    1382.20        338.457        314.800        24.1614        35.5000       0.550520    
 1    1382.20        318.377        294.100        28.9150        39.3000       0.550520    
 1    1382.20        298.921        272.950        34.2919        43.3500       0.550520    
 1    1382.20        280.120        252.550        40.3238        47.8500       0.550520    
 1    1382.20        265.570        236.550        45.6398        51.8500       0.550520    
 1    1358.59        320.077        302.350        28.8775        40.6000       0.475974    
 1    1358.59        300.638        282.050        34.2598        44.0000       0.475974    
 1    1358.59        281.854        261.500        40.2968        49.4000       0.475974    
 1    1358.59        263.752        241.950        47.0156        54.2000       0.475974    
 1    1358.59        249.776        225.850        52.8969        58.6000       0.475974    
 1    1368.71        328.088        310.400        26.9405        40.7000       0.530527    
 1    1368.71        308.387        289.550        32.0646        42.0000       0.530527    
 1    1368.71        289.328        269.100        37.8301        48.5000       0.530527    
 1    1368.71        270.939        249.000        44.2661        50.2500       0.530527    
 1    1368.71        256.727        233.250        49.9142        57.5500       0.530527    
 1    1387.57        344.753        324.600        24.7013        34.3500       0.492521    
 1    1387.57        324.703        301.400        29.4754        37.7500       0.492521    
 1    1387.57        305.266        280.500        34.8631        44.0000       0.492521    
 1    1387.57        286.474        260.000        40.8946        49.0000       0.492521    
 1    1387.57        271.921        243.900        46.2013        49.3000       0.492521    
 1    1370.26        328.628        308.550        26.1217        39.6500       0.542275    
 1    1370.26        308.831        287.750        31.1546        42.0000       0.542275    
 1    1370.26        289.675        267.250        36.8281        44.9500       0.542275    
 1    1370.26        271.189        247.250        43.1720        50.0000       0.542275    
 1    1370.26        256.901        231.500        48.7474        57.1500       0.542275    
 1    1369.57        328.354        307.450        26.4550        38.8500       0.551227    
 1    1369.57        308.597        286.650        31.5256        42.9500       0.551227    
 1    1369.57        289.481        266.250        37.2371        47.3500       0.551227    
 1    1369.57        271.035        246.150        43.6192        52.2500       0.551227    
 1    1369.57        256.779        230.400        49.2249        56.6000       0.551227    
 1    1390.78        346.851        322.850        23.7671        34.5500       0.532493    
 1    1390.78        326.680        301.650        28.4247        38.2500       0.532493    
 1    1390.78        307.119        280.750        33.6918        42.2500       0.532493    
 1    1390.78        288.199        260.250        39.5999        46.0000       0.532493    
 1    1390.78        273.543        244.150        44.8066        50.4500       0.532493    
 1    1385.14        341.704        317.450        24.3057        35.6000       0.555202    
 1    1385.14        321.624        296.200        29.0550        39.3500       0.555202    
 1    1385.14        302.163        275.650        34.4224        44.0500       0.555202    
 1    1385.14        283.350        255.150        40.4392        48.1000       0.555202    
 1    1385.14        268.786        239.300        45.7386        52.4000       0.555202    
 1    1376.92        334.786        315.000        25.5366        36.2500       0.515732    
 1    1376.92        314.888        291.500        30.4653        40.8000       0.515732    
 1    1376.92        295.619        270.800        36.0240        44.8000       0.515732    
 1    1376.92        277.010        250.550        42.2430        49.6000       0.515732    
 1    1376.92        262.616        234.650        47.7112        53.0000       0.515732    
 1    1378.53        335.581        314.650        24.8672        34.9000       0.481520    
 1    1378.53        315.600        293.550        29.7175        38.7000       0.481520    
 1    1378.53        296.248        272.750        35.1962        42.8500       0.481520    
 1    1378.53        277.555        252.400        41.3344        47.2500       0.481520    
 1    1378.53        263.094        236.400        46.7381        51.2000       0.481520    
 1    1366.94        325.558        305.350        26.4106        37.7000       0.508764    
 1    1366.94        305.812        284.550        31.4956        41.7500       0.508764    
 1    1366.94        286.713        264.000        37.2264        46.1500       0.508764    
 1    1366.94        268.289        243.900        43.6329        50.8500       0.508764    
 1    1366.94        254.053        228.150        49.2619        55.0500       0.508764    
 1    1371.97        329.363        310.050        25.3177        35.5000       0.478100    
 1    1371.97        309.470        289.050        30.2583        39.3500       0.478100    
 1    1371.97        290.217        268.300        35.8380        43.8000       0.478100    
 1    1371.97        271.633        248.000        42.0879        48.1500       0.478100    
 1    1371.97        257.267        232.100        47.5884        52.1500       0.478100    
 1    1390.69        345.796        322.500        23.0392        31.2000       0.435804    
 1    1390.69        325.544        301.150        27.6209        34.6000       0.435804    
 1    1390.69        305.902        279.950        32.8131        38.4000       0.435804    
 1    1390.69        286.904        259.250        38.6484        43.1000       0.435804    
 1    1390.69        272.188        243.000        43.7990        46.2500       0.435804    
 1    1399.98        354.010        330.050        21.9636        28.6500       0.384364    
 1    1399.98        333.586        308.350        26.3733        31.8500       0.384364    
 1    1399.98        313.758        287.050        31.3792        35.4500       0.384364    
 1    1399.98        294.560        266.050        37.0148        39.3500       0.384364    
 1    1399.98        279.675        249.550        41.9964        42.7500       0.384364    
 1    1403.36        357.016        331.650        21.5900        28.6500       0.411841    
 1    1403.36        336.531        309.850        25.9391        31.8500       0.411841    
 1    1403.36        316.638        288.450        30.8794        35.3500       0.411841    
 1    1403.36        297.369        267.450        36.4443        39.3000       0.411841    
 1    1403.36        282.424        249.900        41.3661        42.6500       0.411841    
 1    1397.91        352.165        326.550        22.1888        29.0500       0.395079    
 1    1397.91        331.778        304.950        26.6353        32.0000       0.395079    
 1    1397.91        311.990        283.650        31.6813        35.9500       0.395079    
 1    1397.91        292.835        262.650        37.3598        39.8500       0.395079    
 1    1397.91        277.986        246.250        42.3779        43.3500       0.395079    
 1    1405.82        359.204        332.400        21.3183        27.7000       0.390832    
 1    1405.82        338.676        310.700        25.6234        30.8500       0.390832    
 1    1405.82        318.734        289.250        30.5159        34.3000       0.390832    
 1    1405.82        299.414        268.150        36.0295        38.1000       0.390832    
 1    1405.82        284.425        251.550        40.9077        41.4500       0.390832    
 1    1402.31        356.059        329.550        21.6834        27.9500       0.381366    
 1    1402.31        335.591        307.850        26.0488        31.0000       0.381366    
 1    1402.31        315.715        286.450        31.0069        34.6500       0.381366    
 1    1402.31        296.466        265.400        36.5912        38.5500       0.381366    
 1    1402.31        281.537        248.900        41.5296        41.9500       0.381366    
 1    1391.57        346.554        319.450        22.9169        29.5500       0.394576    
 1    1391.57        326.283        297.950        27.4801        33.0000       0.394576    
 1    1391.57        306.622        276.750        32.6524        36.6000       0.394576    
 1    1391.57        287.602        255.950        38.4666        40.7000       0.394576    
 1    1391.57        272.868        239.600        43.5995        44.2500       0.394576    
 1    1369.10        326.827        301.550        25.6590        34.0000       0.399561    
 1    1369.10        306.988        280.450        30.6541        35.7000       0.399561    
 1    1369.10        287.793        259.700        36.2926        39.7000       0.399561    
 1    1369.10        269.272        239.250        42.6056        46.4000       0.399561    
 1    1369.10        254.959        223.350        48.1594        50.4000       0.399561    
 1    1369.58        327.253        301.850        25.6050        32.6000       0.383203    
 1    1369.58        307.405        280.700        30.5912        36.0000       0.383203    
 1    1369.58        288.201        259.900        36.2203        40.4500       0.383203    
 1    1369.58        269.670        239.500        42.5229        44.9500       0.383203    
 1    1369.58        255.348        223.550        48.0681        48.9000       0.383203    
 1    1363.72        322.160        296.950        26.3716        34.0500       0.409493    
 1    1363.72        302.431        275.950        31.4760        37.6500       0.409493    
 1    1363.72        283.353        255.250        37.2322        42.1500       0.409493    
 1    1363.72        264.957        235.050        43.6703        48.5000       0.409493    
 1    1363.72        250.750        219.150        49.3294        50.8500       0.409493    
 1    1354.58        314.261        291.200        27.6118        36.0500       0.420665    
 1    1354.58        294.720        270.400        32.9051        41.0000       0.420665    
 1    1354.58        275.846        249.950        38.8640        44.6000       0.420665    
 1    1354.58        257.666        229.900        45.5180        49.4500       0.420665    
 1    1354.58        243.639        214.300        51.3583        53.7000       0.420665    
 1    1357.99        317.222        295.200        27.1629        34.4000       0.367511    
 1    1357.99        297.612        274.250        32.3871        38.3500       0.367511    
 1    1357.99        278.663        253.600        38.2716        42.6000       0.367511    
 1    1357.99        260.404        233.400        44.8463        47.3000       0.367511    
 1    1357.99        246.310        217.600        50.6200        51.4000       0.367511    
 1    1353.39        313.236        289.900        27.7775        34.0000       0.378829    
 1    1353.39        293.721        269.100        33.0958        40.0000       0.378829    
 1    1353.39        274.873        248.650        39.0815        44.3000       0.378829    
 1    1353.39        256.722        228.650        45.7638        49.1500       0.378829    
 1    1353.39        242.719        213.050        51.6280        53.4500       0.378829    
 1    1338.35        300.378        279.200        29.9586        38.0000       0.407973    
 1    1338.35        281.188        258.800        35.6019        44.1000       0.407973    
 1    1338.35        262.688        238.700        41.9353        48.9500       0.407973    
 1    1338.35        244.905        223.100        48.9861        54.2000       0.407973    
 1    1338.35        231.210        203.850        55.1587        58.8000       0.407973    
 1    1330.66        293.861        275.650        31.1310        39.0000       0.392629    
 1    1330.66        274.843        255.400        36.9460        46.6500       0.392629    
 1    1330.66        256.525        235.600        43.4626        47.4500       0.392629    
 1    1330.66        238.936        216.200        50.7071        57.2000       0.392629    
 1    1330.66        225.404        201.100        57.0414        62.0500       0.392629    
 1    1324.80        288.924        272.050        32.0533        41.0000       0.429244    
 1    1324.80        270.039        252.000        38.0020        49.2500       0.429244    
 1    1324.80        251.864        232.300        44.6607        54.4000       0.429244    
 1    1324.80        234.425        213.100        52.0554        55.0000       0.429244    
 1    1324.80        221.017        198.100        58.5148        65.0500       0.429244    
 1    1304.86        272.283        257.200        35.3508        45.3300       0.459342    
 1    1304.86        253.867        237.600        41.7690        53.0000       0.459342    
 1    1304.86        236.191        217.950        48.9263        61.1500       0.459342    
 1    1304.86        219.276        199.700        56.8455        67.3000       0.459342    
 1    1304.86        206.305        184.750        63.7412        72.7000       0.459342    
 1    1295.22        264.341        250.050        37.0488        49.0000       0.489218    
 1    1295.22        246.162        231.150        43.7033        55.0000       0.489218    
 1    1295.22        228.736        211.800        51.1106        65.6000       0.489218    
 1    1295.22        212.083        193.250        59.2919        72.1000       0.489218    
 1    1295.22        199.329        178.950        66.4049        77.6500       0.489218    
 1    1315.99        281.531        264.950        33.4699        49.4700       0.523146    
 1    1315.99        262.850        245.000        39.6224        51.0000       0.523146    
 1    1315.99        244.892        225.350        46.4979        58.1000       0.523146    
 1    1315.99        227.681        206.300        54.1209        63.9000       0.523146    
 1    1315.99        214.464        191.450        60.7706        68.9500       0.523146    
 1    1316.63        282.055        266.000        33.3537        44.0000       0.451571    
 1    1316.63        263.358        250.550        39.4902        49.0000       0.451571    
 1    1316.63        245.383        231.050        46.3488        56.5000       0.451571    
 1    1316.63        228.154        207.150        53.9543        64.2000       0.451571    
 1    1316.63        214.922        192.350        60.5893        69.3000       0.451571    
 1    1318.86        283.926        267.600        32.9951        48.0000       0.514233    
 1    1318.86        265.177        247.650        39.0800        51.4000       0.514233    
 1    1318.86        247.147        228.000        45.8837        56.7000       0.514233    
 1    1318.86        229.861        208.900        53.4313        62.5000       0.514233    
 1    1318.86        216.581        193.900        60.0182        67.5000       0.514233    
 1    1320.68        285.451        269.400        32.7004        48.0000       0.489564    
 1    1320.68        266.660        249.300        38.7430        49.7000       0.489564    
 1    1320.68        248.585        229.700        45.5018        54.8000       0.489564    
 1    1320.68        231.252        210.550        53.0020        60.4000       0.489564    
 1    1320.68        217.932        195.550        59.5495        65.3000       0.489564    
 1    1317.82        283.065        266.150        33.1738        46.8000       0.490118    
 1    1317.82        264.341        246.200        39.2838        50.0000       0.490118    
 1    1317.82        246.338        227.500        46.1141        57.3000       0.490118    
 1    1317.82        229.080        208.550        53.6895        62.6500       0.490118    
 1    1317.82        215.823        193.750        60.2996        67.7000       0.490118    
 1    1317.82        283.075        266.150        33.1835        46.8000       0.489773    
 1    1317.82        264.352        246.200        39.2943        50.0000       0.489773    
 1    1317.82        246.349        227.500        46.1254        57.3000       0.489773    
 1    1317.82        229.091        208.550        53.7016        62.6500       0.489773    
 1    1317.82        215.835        193.750        60.3122        67.7000       0.489773    
 1    1332.42        295.379        279.250        30.8886        43.0000       0.462806    
 1    1332.42        276.323        256.550        36.6667        46.7500       0.462806    
 1    1332.42        257.966        236.600        43.1435        51.7000       0.462806    
 1    1332.42        240.335        220.600        50.3458        57.0000       0.462806    
 1    1332.42        226.767        201.900        56.6447        61.7000       0.462806    
 1    1313.32        279.312        263.900        33.9207        46.0000       0.487188    
 1    1313.32        260.695        243.650        40.1369        52.8500       0.487188    
 1    1313.32        242.804        224.100        47.0799        58.2500       0.487188    
 1    1313.32        225.664        205.050        54.7740        64.2500       0.487188    
 1    1313.32        212.506        190.300        61.4826        69.4000       0.487188    
 1    1310.33        276.816        261.150        34.4150        47.3000       0.478440    
 1    1310.33        258.269        241.200        40.7016        52.2500       0.478440    
 1    1310.33        240.453        221.750        47.7194        60.2000       0.478440    
 1    1310.33        223.393        202.800        55.4922        62.9000       0.478440    
 1    1310.33        210.300        188.000        62.2663        68.7500       0.478440    
 1    1278.04        250.365        238.000        40.2512        57.9000       0.485434    
 1    1278.04        232.622        221.450        47.3421        61.0000       0.485434    
 1    1278.04        215.655        200.250        55.2093        67.3000       0.485434    
 1    1278.04        199.484        182.200        63.8713        70.5000       0.485434    
 1    1278.04        187.127        168.150        71.3815        82.6500       0.485434    
 1    1278.18        250.449        236.900        40.1957        56.2500       0.505490    
 1    1278.18        232.701        216.400        47.2808        61.9500       0.505490    
 1    1278.18        215.728        199.050        55.1423        66.9000       0.505490    
 1    1278.18        199.551        181.000        63.7984        78.5000       0.505490    
 1    1278.18        187.189        166.950        71.3040        79.6000       0.505490    
 1    1285.50        256.355        241.600        38.7819        52.1000       0.456171    
 1    1285.50        238.416        222.850        45.6770        57.4500       0.456171    
 1    1285.50        221.244        203.750        53.3386        63.4000       0.456171    
 1    1285.50        204.858        185.100        61.7865        73.3000       0.456171    
 1    1285.50        192.325        170.750        69.1202        75.7000       0.456171    
 1    1315.13        280.760        262.500        33.5584        40.5500       0.345381    
 1    1315.13        262.094        242.500        39.7265        45.4000       0.345381    
 1    1315.13        244.153        223.500        46.6191        50.8500       0.345381    
 1    1315.13        226.961        203.750        54.2607        62.3000       0.345381    
 1    1315.13        213.759        188.800        60.9261        61.1000       0.345381    
 1    1314.99        280.643        264.850        33.5820        44.0500       0.383475    
 1    1314.99        261.981        244.650        39.7534        47.0000       0.383475    
 1    1314.99        244.043        224.500        46.6496        54.0000       0.383475    
 1    1314.99        226.855        205.250        54.2948        57.3000       0.383475    
 1    1314.99        213.656        190.200        60.9634        64.5500       0.383475    
 1    1325.66        289.592        275.600        31.8616        41.1500       0.433226    
 1    1325.66        270.683        255.250        37.7857        51.6000       0.433226    
 1    1325.66        252.482        235.100        44.4188        50.6500       0.433226    
 1    1325.66        235.016        215.250        51.7868        59.4000       0.433226    
 1    1325.66        221.587        199.700        58.2245        60.4500       0.433226    
 1    1308.93        275.616        257.850        34.6140        46.6000       0.380692    
 1    1308.93        257.099        237.900        40.9310        45.0000       0.380692    
 1    1308.93        239.315        218.250        47.9814        49.6000       0.380692    
 1    1308.93        222.289        199.450        55.7886        62.7500       0.380692    
 1    1308.93        209.225        184.700        62.5917        67.8000       0.380692    
 1    1324.18        288.347        274.200        32.0961        42.9000       0.433393    
 1    1324.18        269.471        253.800        38.0541        48.9000       0.433393    
 1    1324.18        251.307        233.850        44.7234        52.5500       0.433393    
 1    1324.18        233.879        214.350        52.1296        60.0000       0.433393    
 1    1324.18        220.482        199.300        58.5991        62.6500       0.433393    
 1    1314.88        280.550        267.800        33.5987        47.2000       0.474558    
 1    1314.88        261.890        247.850        39.7728        53.3000       0.474558    
 1    1314.88        243.956        228.000        46.6717        55.8000       0.474558    
 1    1314.88        226.770        208.650        54.3199        60.9000       0.474558    
 1    1314.88        213.574        193.600        60.9908        68.0500       0.474558    
 1    1329.10        292.487        278.950        31.3169        41.8500       0.389657    
 1    1329.10        273.499        258.750        37.1623        46.0000       0.389657    
 1    1329.10        255.215        238.550        43.7117        48.8500       0.389657    
 1    1329.10        237.661        218.200        50.9914        56.0000       0.389657    
 1    1329.10        224.158        203.000        57.3555        60.8000       0.389657    
 1    1342.84        304.159        286.850        29.2497        40.0500       0.428819    
 1    1342.84        284.866        266.050        34.7906        44.3500       0.428819    
 1    1342.84        266.257        245.450        41.0149        47.3100       0.428819    
 1    1342.84        248.359        225.450        47.9507        51.9000       0.428819    
 1    1342.84        234.569        210.000        54.0275        56.1000       0.428819    
 1    1344.78        305.815        286.500        28.9653        35.6000       0.354705    
 1    1344.78        286.480        265.800        34.4640        41.5000       0.354705    
 1    1344.78        267.825        244.900        40.6431        45.3000       0.354705    
 1    1344.78        249.879        224.700        47.5311        50.3000       0.354705    
 1    1344.78        236.049        209.100        53.5679        52.8000       0.354705    
 1    1357.98        317.169        294.800        27.1206        33.6000       0.333961    
 1    1357.98        297.556        273.800        32.3408        36.9000       0.333961    
 1    1357.98        278.603        253.300        38.2214        39.9500       0.333961    
 1    1357.98        260.340        232.450        44.7924        45.7000       0.333961    
 1    1357.98        246.244        216.450        50.5632        49.8500       0.333961    
 1    1355.69        315.197        292.800        27.4386        31.5000       0.325689    
 1    1355.69        295.632        271.800        32.7069        38.0000       0.325689    
 1    1355.69        276.730        250.550        38.6391        40.6000       0.325689    
 1    1355.69        258.522        229.850        45.2648        44.0000       0.325689    
 1    1355.69        244.472        213.750        51.0816        47.3500       0.325689    
 1    1325.51        289.455        267.550        31.8744        38.4000       0.323257    
 1    1325.51        270.548        246.900        37.8011        35.5000       0.323257    
 1    1325.51        252.350        226.950        44.4370        43.7000       0.323257    
 1    1325.51        234.888        207.000        51.8082        52.4000       0.323257    
 1    1325.51        221.461        191.750        58.2487        57.0500       0.323257    
 1    1335.02        297.490        271.200        30.3995        34.6500       0.343796    
 1    1335.02        278.367        250.000        36.1112        38.7000       0.343796    
 1    1335.02        259.941        229.850        42.5181        43.1500       0.343796    
 1    1335.02        242.236        209.900        49.6474        49.7000       0.343796    
 1    1335.02        228.608        194.250        55.8859        52.5500       0.343796    
 1    1313.72        279.553        255.700        33.7622        38.7000       0.344702    
 1    1313.72        260.919        235.550        39.9612        42.4000       0.344702    
 1    1313.72        243.011        215.400        46.8869        48.0000       0.344702    
 1    1313.72        225.854        195.900        54.5635        53.5000       0.344702    
 1    1313.72        212.681        180.800        61.2583        56.5000       0.344702    
 1    1319.99        284.799        262.400        32.7384        36.1500       0.319984    
 1    1319.99        266.018        240.750        38.7907        40.0000       0.319984    
 1    1319.99        247.954        221.400        45.5605        45.2500       0.319984    
 1    1319.99        230.633        201.750        53.0731        49.9000       0.319984    
 1    1319.99        217.324        186.400        59.6313        54.8000       0.319984    
 1    1331.85        294.800        270.750        30.8796        34.6500       0.324483    
 1    1331.85        275.748        249.850        36.6619        38.3000       0.324483    
 1    1331.85        257.397        229.550        43.1441        42.8000       0.324483    
 1    1331.85        239.772        209.500        50.3530        48.0000       0.324483    
 1    1331.85        226.210        194.150        56.6580        52.1000       0.324483    
 1    1329.04        292.421        267.250        31.3109        33.8000       0.337122    
 1    1329.04        273.433        246.250        37.1563        38.3000       0.337122    
 1    1329.04        255.149        225.800        43.7059        42.8500       0.337122    
 1    1329.04        237.595        205.900        50.9859        47.5500       0.337122    
 1    1329.04        224.093        191.150        57.3503        52.0500       0.337122    
 1    1362.16        320.793        294.200        26.5642        27.1000       0.378099    
 1    1362.16        301.094        272.700        31.6990        32.7000       0.378099    
 1    1362.16        282.049        251.500        37.4879        34.3000       0.378099    
 1    1362.16        263.688        230.800        43.9612        38.5000       0.378099    
 1    1362.16        249.510        214.500        49.6499        42.1000       0.378099    
