 1    1313.72        279.553        255.700        33.7622        38.7000       0.344702    
 1    1313.72        260.919        235.550        39.9612        42.4000       0.344702    
 1    1313.72        243.011        215.400        46.8869        48.0000       0.344702    
 1    1313.72        225.854        195.900        54.5635        53.5000       0.344702    
 1    1313.72        212.681        180.800        61.2583        56.5000       0.344702    
 1    1319.99        284.799        262.400        32.7384        36.1500       0.319984    
 1    1319.99        266.018        240.750        38.7907        40.0000       0.319984    
 1    1319.99        247.954        221.400        45.5605        45.2500       0.319984    
 1    1319.99        230.633        201.750        53.0731        49.9000       0.319984    
 1    1319.99        217.324        186.400        59.6313        54.8000       0.319984    
 1    1331.85        294.800        270.750        30.8796        34.6500       0.324483    
 1    1331.85        275.748        249.850        36.6619        38.3000       0.324483    
 1    1331.85        257.397        229.550        43.1441        42.8000       0.324483    
 1    1331.85        239.772        209.500        50.3530        48.0000       0.324483    
 1    1331.85        226.210        194.150        56.6580        52.1000       0.324483    
 1    1329.04        292.421        267.250        31.3109        33.8000       0.337122    
 1    1329.04        273.433        246.250        37.1563        38.3000       0.337122    
 1    1329.04        255.149        225.800        43.7059        42.8500       0.337122    
 1    1329.04        237.595        205.900        50.9859        47.5500       0.337122    
 1    1329.04        224.093        191.150        57.3503        52.0500       0.337122    
 1    1362.16        320.793        294.200        26.5642        27.1000       0.378099    
 1    1362.16        301.094        272.700        31.6990        32.7000       0.378099    
 1    1362.16        282.049        251.500        37.4879        34.3000       0.378099    
 1    1362.16        263.688        230.800        43.9612        38.5000       0.378099    
 1    1362.16        249.510        214.500        49.6499        42.1000       0.378099    
