1.621
1.6188
1.6867
1.6643
1.6715
1.6335
1.5236
1.5473
1.5803
1.516
1.4701
1.4835
1.538
1.5413
1.4874
1.4825
1.4213
1.4145
1.346
1.3757
1.379
1.3985
1.414
1.42
1.3815
1.3705
1.3177
1.3715
1.4005
1.389
1.4853
1.5493
1.4958
1.4358
1.4246
1.4385
1.416
1.3005
1.355
1.3924
1.4846
1.6293
1.5126
1.6646
1.687
1.8062
1.709
1.7822
1.7475
1.7204
1.597
1.7868
1.659
1.7898
1.7635
1.7078
1.8785
1.92
1.8515
1.798
1.928
2.159
2.086
2.1515
2.102
2.1815
2.257
2.349
2.2376
2.12
2.16
2.178
2.2581
2.233
2.3043
2.2575
2.3015
2.2685
2.182
2.188
2.1264
2.3098
2.2835
2.165
2.164
2.183
2.2305
2.141
2.1325
2.145
2.1863
2.142
2.228
2.249
2.2105
2.2215
2.244
2.227
2.1554
2.183
2.2445
2.31
2.371
2.5195
2.534
2.533
2.566
2.589
2.578
2.5455
2.544
2.5495
2.471
2.504
2.48
2.3895
2.3585
2.388
2.3755
2.344
2.3565
2.3395
2.5035
2.399
2.3672
2.4335
2.38
2.338
2.2775
2.1945
2.144
2.073
2.1195
2.1665
2.233
2.276
2.2615
2.315
2.3935
2.3945
2.4425
2.4095
2.402
2.4565
2.376
2.453
2.4855
2.5055
2.5069
2.4935
2.3995
2.3845
2.39
2.346
2.2433
2.2445
2.302
2.31
2.302
2.2605
2.2345
2.2405
2.16
2.168
2.119
2.1405
2.1075
2.0935
2.058
2.0315
2.071
2.0845
2.0875
2.044
2.032
1.998
2.056
2.0945
2.033
2.006
2.0435
2.0205
1.97
1.9445
1.937
1.9295
1.8425
1.8735
1.8752
1.876
1.875
1.7779
1.8063
1.797
1.803
1.902
1.8325
1.831
1.828
1.8485
1.8475
1.8335
1.7775
1.7515
1.771
1.874
1.947
1.998
2.074
2.038
1.9915
1.9555
2.0246
1.8905
1.835
1.844
1.8035
1.7945
1.7955
1.7782
1.7735
1.793
