 1    1365.51        313.431        294.150        22.6788        25.2000       0.939638E-01
 1    1365.51        293.435        272.450        27.6764        30.0000       0.939638E-01
 1    1365.51        274.152        251.250        33.3861        33.4500       0.939638E-01
 1    1365.51        255.615        230.700        39.8424        36.4000       0.939638E-01
 1    1365.51        241.342        214.150        45.5642        39.6000       0.939638E-01
 1    1374.02        320.689        304.150        21.4287        24.6500       0.761438E-01
 1    1374.02        300.488        282.300        26.2212        27.7000       0.761438E-01
 1    1374.02        280.985        260.800        31.7113        32.0000       0.761438E-01
 1    1374.02        262.215        239.650        37.9350        35.6000       0.761438E-01
 1    1374.02        247.748        223.200        43.4625        38.3500       0.761438E-01
 1    1374.02        320.519        304.150        21.2605        24.6500       0.757790E-01
 1    1374.02        300.298        282.300        26.0330        27.7000       0.757790E-01
 1    1374.02        280.775        260.800        31.5034        32.0000       0.757790E-01
 1    1374.02        261.986        239.650        37.7079        35.6000       0.757790E-01
 1    1374.02        247.504        223.200        43.2207        38.3500       0.757790E-01
 1    1367.58        314.714        297.900        21.8970        25.8000       0.776754E-01
 1    1367.58        294.613        276.200        26.7892        29.0000       0.776754E-01
 1    1367.58        275.221        254.900        32.3908        33.0000       0.776754E-01
 1    1367.58        256.574        233.600        38.7376        37.0000       0.776754E-01
 1    1367.58        242.214        217.800        44.3718        40.3000       0.776754E-01
 1    1354.68        303.330        288.050        23.4140        25.9000       0.779059E-01
 1    1354.68        283.498        266.950        28.5752        30.0000       0.779059E-01
 1    1354.68        264.398        245.850        34.4690        33.1000       0.779059E-01
 1    1354.68        246.065        225.050        41.1293        37.3000       0.779059E-01
 1    1354.68        231.969        208.800        47.0284        41.1000       0.779059E-01
 1    1352.46        301.231        286.300        23.5364        26.1500       0.735093E-01
 1    1352.46        281.430        264.800        28.7285        29.1000       0.735093E-01
 1    1352.46        262.365        244.000        34.6574        34.5000       0.735093E-01
 1    1352.46        244.071        223.100        41.3573        37.7000       0.735093E-01
 1    1352.46        230.010        207.200        47.2909        41.3500       0.735093E-01
 1    1341.47        291.596        273.400        24.8928        27.7500       0.868009E-01
 1    1341.47        272.033        252.100        30.3229        31.3500       0.868009E-01
 1    1341.47        253.226        231.450        36.5096        34.8000       0.868009E-01
 1    1341.47        235.208        211.150        43.4856        40.1500       0.868009E-01
 1    1341.47        221.379        195.550        49.6520        44.1000       0.868009E-01
 1    1341.45        291.391        274.200        24.7098        26.8000       0.940301E-01
 1    1341.45        271.808        252.900        30.1201        30.3000       0.940301E-01
 1    1341.45        252.982        231.950        36.2875        34.3000       0.940301E-01
 1    1341.45        234.946        211.500        43.2451        38.7500       0.940301E-01
 1    1341.45        221.103        195.400        49.3978        42.8000       0.940301E-01
 1    1334.76        285.486        267.300        25.4953        27.9000       0.106507    
 1    1334.76        266.044        246.100        31.0471        35.0000       0.106507    
 1    1334.76        247.371        225.500        37.3685        36.3500       0.106507    
 1    1334.76        229.500        205.250        44.4914        40.1500       0.106507    
 1    1334.76        215.798        189.450        50.7840        44.5000       0.106507    
 1    1356.78        304.250        286.350        22.2418        23.4500       0.112342    
 1    1356.78        284.267        264.400        27.2526        27.2400       0.112342    
 1    1356.78        265.015        243.250        32.9941        31.2000       0.112342    
 1    1356.78        246.529        222.450        39.5026        34.3500       0.112342    
 1    1356.78        232.313        205.750        45.2818        37.9000       0.112342    
 1    1353.64        301.344        281.500        22.4772        23.6500       0.125945    
 1    1353.64        281.412        259.800        27.5391        26.7500       0.125945    
 1    1353.64        262.216        238.500        33.3377        30.5500       0.125945    
 1    1353.64        243.794        217.750        39.9093        34.7000       0.125945    
 1    1353.64        229.633        201.750        45.7431        38.4000       0.125945    
 1    1363.67        309.898        290.200        21.0036        21.3000       0.162205    
 1    1363.67        289.718        268.400        25.8175        25.8500       0.162205    
 1    1363.67        270.257        246.700        31.3499        27.8500       0.162205    
 1    1363.67        251.552        225.600        37.6390        31.6000       0.162205    
 1    1363.67        237.154        208.750        43.2367        34.8500       0.162205    
 1    1372.78        317.720        298.300        19.7174        20.4500       0.147920    
 1    1372.78        297.319        276.250        24.3106        23.2000       0.147920    
 1    1372.78        277.620        254.550        29.6055        26.6500       0.147920    
 1    1372.78        258.663        233.400        35.6420        30.0000       0.147920    
 1    1372.78        244.054        216.500        41.0279        33.5000       0.147920    
 1    1376.51        320.841        301.750        19.1096        19.6500       0.141301    
 1    1376.51        300.339        279.650        23.6017        22.6900       0.141301    
 1    1376.51        280.532        258.100        28.7885        25.5500       0.141301    
 1    1376.51        261.460        236.550        34.7109        30.0000       0.141301    
 1    1376.51        246.756        219.800        40.0018        32.4000       0.141301    
 1    1362.66        308.483        291.200        20.6030        22.4000       0.982239E-01
 1    1362.66        288.261        269.600        25.3754        24.3900       0.982239E-01
 1    1362.66        268.761        247.950        30.8691        29.0000       0.982239E-01
 1    1362.66        250.021        227.000        37.1231        32.9000       0.982239E-01
 1    1362.66        235.598        210.700        42.6960        36.4000       0.982239E-01
 1    1350.52        297.721        280.300        21.9827        25.5000       0.813646E-01
 1    1350.52        277.755        258.850        27.0106        29.0000       0.813646E-01
 1    1350.52        258.533        237.700        32.7830        33.5000       0.813646E-01
 1    1350.52        240.094        217.100        39.3376        37.2000       0.813646E-01
 1    1350.52        225.926        200.750        45.1652        41.0500       0.813646E-01
 1    1338.31        286.991        269.950        23.4634        28.4500       0.895733E-01
 1    1338.31        267.293        247.850        28.7603        30.8600       0.895733E-01
 1    1338.31        248.364        227.150        34.8251        36.5000       0.895733E-01
 1    1338.31        230.239        206.950        41.6938        41.2500       0.895733E-01
 1    1338.31        216.336        190.850        47.7868        45.4500       0.895733E-01
