   316.152   294.150   296.040   272.450   276.593   251.250   257.851   230.700   243.391   214.150
   323.619   304.150   303.336   282.300   283.701   260.800   264.756   239.650   250.123   223.200
   323.619   304.150   303.336   282.300   283.701   260.800   264.756   239.650   250.123   223.200
   317.964   297.900   297.810   276.200   278.316   254.900   259.525   233.600   245.022   217.800
   306.714   288.050   286.828   266.950   267.627   245.850   249.152   225.050   234.918   208.800
   304.789   286.300   284.950   264.800   265.801   244.000   247.381   223.100   233.195   207.200
   295.305   273.400   275.707   252.100   256.819   231.450   238.681   211.150   224.733   195.550
   295.288   274.200   275.690   252.900   256.803   231.950   238.665   211.500   224.718   195.400
   289.555   267.300   270.109   246.100   251.386   225.500   233.424   205.250   219.624   189.450
   308.538   286.350   288.608   264.400   269.358   243.250   250.831   222.450   236.553   205.750
   305.812   281.500   285.948   259.800   266.771   238.500   248.322   217.750   234.110   201.750
   314.543   290.200   294.469   268.400   275.063   246.700   256.366   225.600   241.944   208.750
   322.528   298.300   302.270   276.250   282.661   254.550   263.746   233.400   249.138   216.500
   325.812   301.750   305.479   279.650   285.791   258.100   266.788   236.550   252.105   219.800
   313.661   291.200   293.608   269.600   274.224   247.950   255.552   227.000   241.151   210.700
   303.109   280.300   283.312   258.850   264.208   237.700   245.838   217.100   231.693   200.750
   292.593   269.950   273.066   247.850   254.256   227.150   236.200   206.950   222.321   190.850
   292.233   271.100   272.716   249.800   253.915   228.950   235.871   208.550   222.002   193.800
