           1  0.593704502026846     
           2  0.773587387295727     
           3  0.511235332780696     
           4  9.963141615781173E-003
           5   5.72921625910135     
           6  0.121052273131899     
           7  5.908795826150615E-002
           8  6.865199528959286E-003
           9  4.418018841124197E-003
          10   4.71992342604575     
          11 -0.985455049297453     
           1  0.612219019068025     
           2  0.781297500351561     
           3  0.494286537352872     
           4  9.937986923223792E-003
           5   5.84396652022283     
           6  0.103602377353404     
           7  5.909938715805431E-002
           8  7.355587926710758E-003
           9  6.466243990664213E-003
          10   4.54215177385208     
          11 -0.987958476652258     
           1  0.558068772117737     
           2  0.775325890769714     
           3  0.498005135770357     
           4  9.955811837740407E-003
           5   5.80242504730909     
           6  0.183316769822241     
           7  5.880249415897113E-002
           8  7.378478260612114E-003
           9  6.578611158687816E-003
          10   4.55793744292812     
          11 -0.992700187793416     
           1  0.557342425548581     
           2  0.774030667705866     
           3  0.501366362107824     
           4  9.960939663903448E-003
           5   5.77733906853170     
           6  0.200587321234574     
           7  5.870135738035440E-002
           8  7.258815083538313E-003
           9  6.037795316211346E-003
          10   4.58299026415145     
          11 -0.992619992344481     
           1  0.557342425548581     
           2  0.774030667705866     
           3  0.501366362107824     
           4  9.960939663903448E-003
           5   5.77733906853170     
           6  0.200587321234574     
           7  5.870135738035440E-002
           8  7.258815083538313E-003
           9  6.037795316211346E-003
          10   4.58299026415145     
          11 -0.992619992344481     
           1  0.603851254477967     
           2  0.789612352552289     
           3  0.459967616920056     
           4  9.892357349487596E-003
           5   6.11233132881301     
           6  0.105715412205620     
           7  5.933248950983690E-002
           8  7.855600433855343E-003
           9  9.951930536540756E-003
          10   4.56195751623144     
          11 -0.998160129357516     
           1  0.727853042652553     
           2  0.803001923593179     
           3  0.525808530528904     
           4  9.956069948646834E-003
           5   5.50098566725846     
           6 -4.474514637498068E-002
           7  5.938851647034564E-002
           8  8.096658229755112E-003
           9  1.757113253995788E-002
          10   4.89644190928380     
          11 -0.958789960137782     
           1  0.721717658290668     
           2  0.801966048395472     
           3  0.486574392897966     
           4  9.909173136227563E-003
           5   5.85278425175537     
           6 -1.867361209865187E-002
           7  5.967538972497080E-002
           8  8.149355850969542E-003
           9  1.735917297965471E-002
          10   4.87096201012113     
          11 -0.979309313114146     
           1  0.593073884729891     
           2  0.789400846228373     
           3  0.465789850610357     
           4  9.901546268070808E-003
           5   6.05220827300560     
           6  9.110166686353362E-002
           7  5.953727242938330E-002
           8  8.039802842265523E-003
           9  1.163319596942897E-002
          10   4.61188794062865     
          11 -0.996844720094058     
           1  0.630943001959370     
           2  0.792116875200699     
           3  0.507283285902904     
           4  9.947312699539934E-003
           5   5.68302886814528     
           6  4.059112450178310E-002
           7  5.930835189318300E-002
           8  8.043933707813625E-003
           9  1.332952576914660E-002
          10   4.70203476735071     
          11 -0.978016719926878     
           1  0.698746308750545     
           2  0.797583458584432     
           3  0.491196494931284     
           4  9.918491830156785E-003
           5   5.82734874574318     
           6  1.767455708720486E-002
           7  5.942319617345355E-002
           8  8.051929469045418E-003
           9  1.431153079835530E-002
          10   4.74331748848808     
          11 -0.978905978474552     
           1  0.528126252724810     
           2  0.774317875719790     
           3  0.496768004129301     
           4  9.960950083152280E-003
           5   5.79649667813099     
           6  0.217576466866959     
           7  5.883041824542230E-002
           8  7.565403685815771E-003
           9  7.348056546577876E-003
          10   4.54435936341308     
          11 -0.995216981432735     
           1  0.644767234307804     
           2  0.793149016833484     
           3  0.456762683698035     
           4  9.880942494294824E-003
           5   6.14383161770987     
           6  7.942422118810132E-002
           7  5.942682604396902E-002
           8  7.897348659559759E-003
           9  1.074477388923405E-002
          10   4.58573477273146     
          11 -0.997056217451291     
           1  0.756797355782104     
           2  0.798718850001748     
           3  0.483673291223757     
           4  9.903139072209233E-003
           5   5.91266663371595     
           6  1.537689743171773E-002
           7  5.944369110910475E-002
           8  8.029521588608280E-003
           9  1.405904835733375E-002
          10   4.73340477630498     
          11 -0.977773083582932     
           1  0.528732305476407     
           2  0.783199829162103     
           3  0.477925148891647     
           4  9.933505947453387E-003
           5   5.92183155982022     
           6  0.139831649212441     
           7  5.933735159267958E-002
           8  7.986479962422889E-003
           9  1.051499752085978E-002
          10   4.58042763292552     
          11 -0.999324445464405     
           1  0.643542216207593     
           2  0.794565494025413     
           3  0.500244115944001     
           4  9.936726633868005E-003
           5   5.73774082045167     
           6  2.956688607954464E-002
           7  5.936541465227233E-002
           8  8.058794891468929E-003
           9  1.379780307088351E-002
          10   4.72120170748817     
          11 -0.979480729939680     
           1  0.640376350605379     
           2  0.790867140602595     
           3  0.505758014981779     
           4  9.944764623485305E-003
           5   5.70840596307456     
           6  5.680661698076657E-002
           7  5.924692792720174E-002
           8  8.003915276816112E-003
           9  1.258551591551436E-002
          10   4.67350429337253     
          11 -0.977865330389749     
           1  0.545409279736542     
           2  0.778899344677266     
           3  0.485991610557213     
           4  9.941699292618431E-003
           5   5.88579280823507     
           6  0.153818233677981     
           7  5.899943678750171E-002
           8  7.620115644630192E-003
           9  7.863722918120838E-003
          10   4.53513651961357     
          11 -0.995535158741229     
           1  0.550136830729585     
           2  0.774832872892162     
           3  0.502533797629562     
           4  9.962702145228972E-003
           5   5.75972156010664     
           6  0.169829610940328     
           7  5.880575309771788E-002
           8  7.344226947786910E-003
           9  6.410283388811798E-003
          10   4.56264860477438     
          11 -0.992494011666775     
           1  0.561861121364664     
           2  0.773179281659694     
           3  0.502248399772248     
           4  9.960477188266609E-003
           5   5.78248734742320     
           6  0.170663695521558     
           7  5.881150782377436E-002
           8  7.089425588692374E-003
           9  5.304148773669207E-003
          10   4.62530445914137     
          11 -0.991525319818795     
           1  0.616626293076303     
           2  0.785249972362477     
           3  0.481740893943470     
           4  9.923143006080368E-003
           5   5.92851851726142     
           6  0.111240637580964     
           7  5.893848832548383E-002
           8  7.343210742615076E-003
           9  6.631694243321163E-003
          10   4.54597812228296     
          11 -0.993264475857155     
           1  0.628845938859490     
           2  0.781905736221124     
           3  0.486319568172783     
           4  9.927274613713483E-003
           5   5.91733353861172     
           6  0.119830620238554     
           7  5.898511632966701E-002
           8  7.051126060878734E-003
           9  5.242775047342224E-003
          10   4.61353535534721     
          11 -0.990566179931482     
           1  0.571032969600106     
           2  0.775014196769237     
           3  0.498651966367036     
           4  9.954067296372731E-003
           5   5.81021157257690     
           6  0.157766652628139     
           7  5.881725489824129E-002
           8  7.029464638400508E-003
           9  5.123168991601227E-003
          10   4.63947460146741     
          11 -0.991718723781224     
           1  0.599118492384749     
           2  0.786813079287948     
           3  0.478915498499242     
           4  9.922305512227753E-003
           5   5.93291860047192     
           6  9.293989556538834E-002
           7  5.892971870216956E-002
           8  7.322750387395697E-003
           9  6.567890674744941E-003
          10   4.54751113130613     
          11 -0.995364903672957     
           1  0.764185132908785     
           2  0.802140495308314     
           3  0.480466999713806     
           4  9.896685624079736E-003
           5   5.92752309725624     
           6  1.544340769240717E-002
           7  5.912969683909802E-002
           8  7.848293846635797E-003
           9  1.273938626200489E-002
          10   4.69495441174629     
          11 -0.980590746115145     
           1  0.787898096663961     
           2  0.801273188157550     
           3  0.477984830696376     
           4  9.891651012828226E-003
           5   5.96453407738076     
           6  3.698303182671075E-002
           7  5.895495672203072E-002
           8  7.748537565464109E-003
           9  1.136793623174336E-002
          10   4.64530417448630     
          11 -0.980726314898380     
           1  0.621579011339327     
           2  0.786717573752550     
           3  0.503658125895164     
           4  9.946291153159441E-003
           5   5.74217578733435     
           6  0.142030977798720     
           7  5.858146984633210E-002
           8  7.622675838048316E-003
           9  8.769023067271167E-003
          10   4.57250219158672     
          11 -0.980963005680952     
           1  0.654845030762944     
           2  0.794314830497990     
           3  0.483269831395844     
           4  9.914220381254283E-003
           5   5.90218189958308     
           6  6.822624871480930E-002
           7  5.919442833941804E-002
           8  7.963101196768956E-003
           9  1.206202092357766E-002
          10   4.65733613656651     
          11 -0.983857195814688     
           1  0.627068621520840     
           2  0.790711345139169     
           3  0.493297501737758     
           4  9.931791549381900E-003
           5   5.81545728325248     
           6  8.848387947739084E-002
           7  5.912122796163886E-002
           8  7.950568966886550E-003
           9  1.153628370405437E-002
          10   4.63919727514999     
          11 -0.982709581856947     
           1  0.655557259467302     
           2  0.794485074934725     
           3  0.482500421685971     
           4  9.913151529888113E-003
           5   5.90863596832104     
           6  7.031034117038039E-002
           7  5.917785809991508E-002
           8  7.955591559034313E-003
           9  1.196684224236358E-002
          10   4.65459094560034     
          11 -0.984251702267162     
           1  0.609719347061534     
           2  0.794684176624686     
           3  0.488139227527824     
           4  9.926845284499738E-003
           5   5.82836893271958     
           6  7.085033077814812E-002
           7  5.927229263331991E-002
           8  8.065396542554074E-003
           9  1.382918346240181E-002
          10   4.72969530334444     
          11 -0.987591298090589     
           1  0.718841587455232     
           2  0.804907508689165     
           3  0.510759452494304     
           4  9.938348683565825E-003
           5   5.62277100484521     
           6 -2.997710263818801E-002
           7  5.932910575241666E-002
           8  8.062460005474828E-003
           9  1.717246614764290E-002
          10   4.88268383211560     
          11 -0.967995176799488     
           1  0.791780198802804     
           2  0.807807481845966     
           3  0.537013794030621     
           4  9.959464491518922E-003
           5   5.41911369190380     
           6 -5.517775303146888E-002
           7  5.923347464770842E-002
           8  8.030802786987836E-003
           9  1.800056934352570E-002
          10   4.92425937287199     
          11 -0.949711890544738     
           1  0.822626931320262     
           2  0.809887711919291     
           3  0.556206682579837     
           4  9.976057204770300E-003
           5   5.26708802991661     
           6 -7.122930541059536E-002
           7  5.919425400920858E-002
           8  8.029549440807107E-003
           9  1.882797674169230E-002
          10   4.96209127465263     
          11 -0.936622578274869     
           1  0.885979422228289     
           2  0.811413666721022     
           3  0.566906688820223     
           4  9.977555732158788E-003
           5   5.21700404871344     
           6 -7.610732759518056E-002
           7  5.914680558752638E-002
           8  7.989412662394942E-003
           9  1.878882030434497E-002
          10   4.96189236970706     
          11 -0.924159485363844     
           1  0.767298631192154     
           2  0.806630289310876     
           3  0.539386535578566     
           4  9.965513709486892E-003
           5   5.39146911926632     
           6 -4.817672049247670E-002
           7  5.920889906919308E-002
           8  8.046166439147068E-003
           9  1.800256837922923E-002
          10   4.92545392434008     
          11 -0.950394373598126     
