 1    1365.51        288.919        294.150        17.6182        25.2000       0.203088    
 1    1365.51        268.447        272.450        22.0712        30.0000       0.203088    
 1    1365.51        248.723        251.250        27.2723        33.4500       0.203088    
 1    1365.51        229.798        230.700        33.2716        36.4000       0.203088    
 1    1365.51        215.260        214.150        38.6745        39.6000       0.203088    
 1    1374.02        296.326        304.150        16.6546        24.6500       0.216899    
 1    1374.02        275.661        282.300        20.9153        27.7000       0.216899    
 1    1374.02        255.726        260.800        25.9049        32.0000       0.216899    
 1    1374.02        236.571        239.650        31.6747        35.6000       0.216899    
 1    1374.02        221.838        223.200        36.8820        38.3500       0.216899    
 1    1374.02        296.326        304.150        16.6546        24.6500       0.216899    
 1    1374.02        275.661        282.300        20.9153        27.7000       0.216899    
 1    1374.02        255.726        260.800        25.9049        32.0000       0.216899    
 1    1374.02        236.571        239.650        31.6747        35.6000       0.216899    
 1    1374.02        221.838        223.200        36.8820        38.3500       0.216899    
 1    1367.58        290.716        297.900        17.3793        25.8000       0.218734    
 1    1367.58        270.197        276.200        21.7849        29.0000       0.218734    
 1    1367.58        250.421        254.900        26.9340        33.0000       0.218734    
 1    1367.58        231.439        233.600        32.8769        37.0000       0.218734    
 1    1367.58        216.854        217.800        38.2318        40.3000       0.218734    
 1    1354.68        279.565        288.050        18.9167        25.9000       0.137651    
 1    1354.68        259.348        266.950        23.6238        30.0000       0.137651    
 1    1354.68        239.902        245.850        29.1036        33.1000       0.137651    
 1    1354.68        221.278        225.050        35.4042        37.3000       0.137651    
 1    1354.68        206.997        208.800        41.0629        41.1000       0.137651    
 1    1352.46        277.658        286.300        19.1932        26.1500       0.128132    
 1    1352.46        257.494        264.800        23.9538        29.1000       0.128132    
 1    1352.46        238.107        244.000        29.4920        34.5000       0.128132    
 1    1352.46        219.546        223.100        35.8556        37.7000       0.128132    
 1    1352.46        205.318        207.200        41.5677        41.3500       0.128132    
 1    1341.47        268.272        273.400        20.6160        27.7500       0.111436    
 1    1341.47        248.379        252.100        25.6477        31.3500       0.111436    
 1    1341.47        229.288        231.450        31.4817        34.8000       0.111436    
 1    1341.47        211.045        211.150        38.1637        40.1500       0.111436    
 1    1341.47        197.086        195.550        44.1449        44.1000       0.111436    
 1    1341.45        268.255        274.200        20.6186        26.8000       0.856980E-01
 1    1341.45        248.362        252.900        25.6509        30.3000       0.856980E-01
 1    1341.45        229.272        231.950        31.4855        34.3000       0.856980E-01
 1    1341.45        211.029        211.500        38.1680        38.7500       0.856980E-01
 1    1341.45        197.071        195.400        44.1497        42.8000       0.856980E-01
 1    1334.76        262.586        267.300        21.5300        27.9000       0.119448    
 1    1334.76        242.864        246.100        26.7329        35.0000       0.119448    
 1    1334.76        223.959        225.500        32.7530        36.3500       0.119448    
 1    1334.76        205.916        205.250        39.6344        40.1500       0.119448    
 1    1334.76        192.125        189.450        45.7837        44.5000       0.119448    
 1    1356.78        281.373        286.350        18.6584        23.4500       0.747983E-01
 1    1356.78        261.105        264.400        23.3154        27.2400       0.747983E-01
 1    1356.78        241.605        243.250        28.7403        31.2000       0.747983E-01
 1    1356.78        222.921        222.450        34.9817        34.3500       0.747983E-01
 1    1356.78        208.590        205.750        40.5902        37.9000       0.747983E-01
 1    1353.64        278.672        281.500        19.0458        23.6500       0.591300E-01
 1    1353.64        258.479        259.800        23.7779        26.7500       0.591300E-01
 1    1353.64        239.061        238.500        29.2850        30.5500       0.591300E-01
 1    1353.64        220.466        217.750        35.6151        34.7000       0.591300E-01
 1    1353.64        206.210        201.750        41.2987        38.4000       0.591300E-01
 1    1363.67        287.324        290.200        17.8330        21.3000       0.648129E-01
 1    1363.67        266.894        268.400        22.3284        25.8500       0.648129E-01
 1    1363.67        247.217        246.700        27.5762        27.8500       0.648129E-01
 1    1363.67        228.342        225.600        33.6259        31.6000       0.648129E-01
 1    1363.67        213.848        208.750        39.0717        34.8500       0.648129E-01
 1    1372.78        295.243        298.300        16.7920        20.4500       0.572285E-01
 1    1372.78        274.607        276.250        21.0803        23.2000       0.572285E-01
 1    1372.78        254.702        254.550        26.1004        26.6500       0.572285E-01
 1    1372.78        235.580        233.400        31.9031        30.0000       0.572285E-01
 1    1372.78        220.875        216.500        37.1386        33.5000       0.572285E-01
 1    1376.51        298.502        301.750        16.3817        19.6500       0.534912E-01
 1    1376.51        277.783        279.650        20.5874        22.6900       0.534912E-01
 1    1376.51        257.787        258.100        25.5164        25.5500       0.534912E-01
 1    1376.51        238.565        236.550        31.2202        30.0000       0.534912E-01
 1    1376.51        223.776        219.800        36.3712        32.4000       0.534912E-01
 1    1362.66        286.450        291.200        17.9519        22.4000       0.552056E-01
 1    1362.66        266.043        269.600        22.4707        24.3900       0.552056E-01
 1    1362.66        246.392        247.950        27.7442        29.0000       0.552056E-01
 1    1362.66        227.545        227.000        33.8218        32.9000       0.552056E-01
 1    1362.66        213.074        210.700        39.2912        36.4000       0.552056E-01
 1    1350.52        275.995        280.300        19.4378        25.5000       0.972114E-01
 1    1350.52        255.878        258.850        24.2454        29.0000       0.972114E-01
 1    1350.52        236.542        237.700        29.8351        33.5000       0.972114E-01
 1    1350.52        218.036        217.100        36.2541        37.2000       0.972114E-01
 1    1350.52        203.855        200.750        42.0131        41.0500       0.972114E-01
 1    1338.31        265.590        269.950        21.0420        28.4500       0.110094    
 1    1338.31        245.777        247.850        26.1539        30.8600       0.110094    
 1    1338.31        226.773        227.150        32.0750        36.5000       0.110094    
 1    1338.31        208.623        206.950        38.8504        41.2500       0.110094    
 1    1338.31        194.743        190.850        44.9104        45.4500       0.110094    
