 1    1365.51        336.661        294.150        20.1705        25.2000       0.269534    
 1    1365.51        316.401        272.450        24.3066        30.0000       0.269534    
 1    1365.51        296.731        251.250        29.0325        33.4500       0.269534    
 1    1365.51        277.690        230.700        34.3869        36.4000       0.269534    
 1    1365.51        262.933        214.150        39.1467        39.6000       0.269534    
 1    1374.02        344.283        304.150        19.2826        24.6500       0.241622    
 1    1374.02        323.871        282.300        23.2668        27.7000       0.241622    
 1    1374.02        304.035        260.800        27.8262        32.0000       0.241622    
 1    1374.02        284.812        239.650        32.9997        35.6000       0.241622    
 1    1374.02        269.901        223.200        37.6049        38.3500       0.241622    
 1    1374.02        344.283        304.150        19.2826        24.6500       0.241622    
 1    1374.02        323.871        282.300        23.2668        27.7000       0.241622    
 1    1374.02        304.035        260.800        27.8262        32.0000       0.241622    
 1    1374.02        284.812        239.650        32.9997        35.6000       0.241622    
 1    1374.02        269.901        223.200        37.6049        38.3500       0.241622    
 1    1367.58        338.511        297.900        19.9510        25.8000       0.260739    
 1    1367.58        318.214        276.200        24.0497        29.0000       0.260739    
 1    1367.58        298.503        254.900        28.7346        33.0000       0.260739    
 1    1367.58        279.417        233.600        34.0445        37.0000       0.260739    
 1    1367.58        264.622        217.800        38.7663        40.3000       0.260739    
 1    1354.68        327.018        288.050        21.3576        25.9000       0.211982    
 1    1354.68        306.959        266.950        25.6943        30.0000       0.211982    
 1    1354.68        287.508        245.850        30.6395        33.1000       0.211982    
 1    1354.68        268.704        225.050        36.2315        37.3000       0.211982    
 1    1354.68        254.150        208.800        41.1938        41.1000       0.211982    
 1    1352.46        325.049        286.300        21.6091        26.1500       0.209380    
 1    1352.46        305.032        264.800        25.9879        29.1000       0.209380    
 1    1352.46        285.628        244.000        30.9792        34.5000       0.209380    
 1    1352.46        266.873        223.100        36.6208        37.7000       0.209380    
 1    1352.46        252.361        207.200        41.6255        41.3500       0.209380    
 1    1341.47        315.347        273.400        22.8968        27.7500       0.251031    
 1    1341.47        295.544        252.100        27.4893        31.3500       0.251031    
 1    1341.47        276.372        231.450        32.7134        34.8000       0.251031    
 1    1341.47        257.869        211.150        38.6065        40.1500       0.251031    
 1    1341.47        243.571        195.550        43.8249        44.1000       0.251031    
 1    1341.45        315.329        274.200        22.8992        26.8000       0.228820    
 1    1341.45        295.526        252.900        27.4921        30.3000       0.228820    
 1    1341.45        276.355        231.950        32.7167        34.3000       0.228820    
 1    1341.45        257.853        211.500        38.6102        38.7500       0.228820    
 1    1341.45        243.555        195.400        43.8290        42.8000       0.228820    
 1    1334.76        309.459        267.300        23.7188        27.9000       0.278563    
 1    1334.76        289.790        246.100        28.4460        35.0000       0.278563    
 1    1334.76        270.765        225.500        33.8168        36.3500       0.278563    
 1    1334.76        252.420        205.250        39.8677        40.1500       0.278563    
 1    1334.76        238.256        189.450        45.2199        44.5000       0.278563    
 1    1356.78        328.882        286.350        21.1223        23.4500       0.214758    
 1    1356.78        308.784        264.400        25.4194        27.2400       0.214758    
 1    1356.78        289.290        243.250        30.3215        31.2000       0.214758    
 1    1356.78        270.439        222.450        35.8667        34.3500       0.214758    
 1    1356.78        255.845        205.750        40.7892        37.9000       0.214758    
 1    1353.64        326.095        281.500        21.4751        23.6500       0.233986    
 1    1353.64        306.056        259.800        25.8315        26.7500       0.233986    
 1    1353.64        286.627        238.500        30.7982        30.5500       0.233986    
 1    1353.64        267.846        217.750        36.4134        34.7000       0.233986    
 1    1353.64        253.311        201.750        41.3955        38.4000       0.233986    
 1    1363.67        335.018        290.200        20.3676        21.3000       0.240724    
 1    1363.67        314.791        268.400        24.5372        25.8500       0.240724    
 1    1363.67        295.158        246.700        29.2998        27.8500       0.240724    
 1    1363.67        276.157        225.600        34.6940        31.6000       0.240724    
 1    1363.67        261.434        208.750        39.4877        34.8500       0.240724    
 1    1372.78        343.170        298.300        19.4096        20.4500       0.225569    
 1    1372.78        322.780        276.250        23.4156        23.2000       0.225569    
 1    1372.78        302.967        254.550        27.9989        26.6500       0.225569    
 1    1372.78        283.771        233.400        33.1985        30.0000       0.225569    
 1    1372.78        268.882        216.500        37.8260        33.5000       0.225569    
 1    1376.51        346.520        301.750        19.0300        19.6500       0.221902    
 1    1376.51        326.065        279.650        22.9707        22.6900       0.221902    
 1    1376.51        306.181        258.100        27.4823        25.5500       0.221902    
 1    1376.51        286.906        236.550        32.6038        30.0000       0.221902    
 1    1376.51        271.951        219.800        37.1646        32.4000       0.221902    
 1    1362.66        334.117        291.200        20.4766        22.4000       0.204489    
 1    1362.66        313.909        269.600        24.6647        24.3900       0.204489    
 1    1362.66        294.296        247.950        29.4475        29.0000       0.204489    
 1    1362.66        275.316        227.000        34.8636        32.9000       0.204489    
 1    1362.66        260.612        210.700        39.6760        36.4000       0.204489    
 1    1350.52        323.331        280.300        21.8313        25.5000       0.237141    
 1    1350.52        303.351        258.850        26.2472        29.0000       0.237141    
 1    1350.52        283.987        237.700        31.2789        33.5000       0.237141    
 1    1350.52        265.277        217.100        36.9643        37.2000       0.237141    
 1    1350.52        250.802        200.750        42.0062        41.0500       0.237141    
 1    1338.31        312.570        269.950        23.2804        28.4500       0.276676    
 1    1338.31        292.830        247.850        27.9360        30.8600       0.276676    
 1    1338.31        273.727        227.150        33.2288        36.5000       0.276676    
 1    1338.31        255.298        206.950        39.1957        41.2500       0.276676    
 1    1338.31        241.063        190.850        44.4768        45.4500       0.276676    
