 13.344 	13.09375	12.828125	12.578125	12.34375	12.09375	11.859375	11.625	11.390625	11.15625	10.9375	10.71875	10.5	10.28125	10.078125	9.875	9.65625	9.46875
 13.203 	12.953125	12.703125	12.453125	12.203125	11.96875	11.71875	11.484375	11.265625	11.03125	10.8125	10.59375	10.375	10.15625	9.953125	9.75	9.546875	9.34375
 13.094 	12.84375	12.59375	12.34375	12.09375	11.859375	11.625	11.390625	11.15625	10.9375	10.71875	10.5	10.28125	10.0625	9.859375	9.65625	9.453125	9.25
 13.094 	12.84375	12.59375	12.34375	12.09375	11.859375	11.625	11.390625	11.15625	10.9375	10.71875	10.5	10.28125	10.0625	9.859375	9.65625	9.453125	9.25
 13.141 	12.890625	12.640625	12.390625	12.140625	11.890625	11.65625	11.421875	11.203125	10.96875	10.75	10.53125	10.3125	10.09375	9.890625	9.6875	9.484375	9.28125
 13.500 	13.25	12.984375	12.734375	12.484375	12.234375	12	11.75	11.515625	11.296875	11.0625	10.84375	10.625	10.40625	10.1875	9.984375	9.765625	9.5625
 13.500 	13.234375	12.984375	12.734375	12.484375	12.234375	11.984375	11.75	11.515625	11.28125	11.0625	10.828125	10.609375	10.390625	10.1875	9.96875	9.765625	9.5625
 13.469 	13.21875	12.953125	12.703125	12.453125	12.203125	11.96875	11.734375	11.5	11.265625	11.03125	10.8125	10.59375	10.375	10.15625	9.953125	9.734375	9.53125
 13.469 	13.21875	12.953125	12.703125	12.453125	12.203125	11.96875	11.734375	11.5	11.265625	11.03125	10.8125	10.59375	10.375	10.15625	9.953125	9.734375	9.53125
 13.547 	13.28125	13.015625	12.765625	12.515625	12.265625	12.03125	11.78125	11.546875	11.3125	11.078125	10.859375	10.640625	10.421875	10.203125	9.984375	9.78125	9.578125
 13.750 	13.484375	13.21875	12.953125	12.703125	12.453125	12.203125	11.96875	11.734375	11.5	11.265625	11.03125	10.8125	10.59375	10.375	10.15625	9.9375	9.734375
 13.578 	13.3125	13.0625	12.796875	12.546875	12.296875	12.0625	11.8125	11.578125	11.34375	11.109375	10.890625	10.671875	10.453125	10.234375	10.015625	9.8125	9.609375
 13.547 	13.28125	13.015625	12.765625	12.515625	12.265625	12.015625	11.78125	11.53125	11.296875	11.078125	10.84375	10.625	10.40625	10.1875	9.984375	9.765625	9.5625
 13.547 	13.28125	13.015625	12.765625	12.515625	12.265625	12.015625	11.78125	11.53125	11.296875	11.078125	10.84375	10.625	10.40625	10.1875	9.984375	9.765625	9.5625
 13.563 	13.296875	13.046875	12.78125	12.53125	12.28125	12.03125	11.796875	11.5625	11.328125	11.09375	10.859375	10.640625	10.421875	10.203125	9.984375	9.78125	9.578125
 13.547 	13.28125	13.03125	12.765625	12.515625	12.265625	12.015625	11.78125	11.546875	11.3125	11.078125	10.84375	10.625	10.40625	10.1875	9.96875	9.765625	9.5625
 13.672 	13.40625	13.140625	12.890625	12.640625	12.375	12.140625	11.890625	11.65625	11.40625	11.1875	10.953125	10.71875	10.5	10.28125	10.078125	9.859375	9.65625
 13.797 	13.515625	13.265625	13	12.734375	12.484375	12.234375	12	11.75	11.515625	11.28125	11.046875	10.828125	10.59375	10.375	10.15625	9.953125	9.734375
 13.797 	13.515625	13.265625	13	12.734375	12.484375	12.234375	12	11.75	11.515625	11.28125	11.046875	10.828125	10.59375	10.375	10.15625	9.953125	9.734375
 13.891 	13.625	13.359375	13.09375	12.828125	12.578125	12.328125	12.078125	11.828125	11.59375	11.359375	11.125	10.890625	10.671875	10.453125	10.234375	10.015625	9.8125
 13.828 	13.5625	13.296875	13.03125	12.765625	12.515625	12.265625	12.015625	11.78125	11.53125	11.296875	11.0625	10.84375	10.609375	10.390625	10.171875	9.953125	9.75
 13.875 	13.59375	13.328125	13.078125	12.8125	12.5625	12.296875	12.0625	11.8125	11.578125	11.328125	11.109375	10.875	10.640625	10.421875	10.203125	10	9.78125
 13.641 	13.375	13.109375	12.84375	12.59375	12.328125	12.078125	11.84375	11.59375	11.359375	11.125	10.890625	10.671875	10.453125	10.234375	10.015625	9.796875	9.59375
 13.641 	13.375	13.109375	12.84375	12.59375	12.328125	12.078125	11.84375	11.59375	11.359375	11.125	10.890625	10.671875	10.453125	10.234375	10.015625	9.796875	9.59375
 13.797 	13.53125	13.265625	13	12.734375	12.484375	12.234375	11.984375	11.734375	11.5	11.25	11.03125	10.796875	10.5625	10.34375	10.125	9.90625	9.703125
 13.875 	13.59375	13.328125	13.0625	12.8125	12.546875	12.296875	12.046875	11.796875	11.5625	11.328125	11.09375	10.859375	10.625	10.40625	10.1875	9.96875	9.765625
 13.922 	13.65625	13.390625	13.125	12.859375	12.59375	12.34375	12.09375	11.84375	11.609375	11.375	11.125	10.90625	10.671875	10.453125	10.234375	10.015625	9.796875
 13.797 	13.515625	13.25	12.984375	12.734375	12.46875	12.21875	11.96875	11.71875	11.484375	11.25	11.015625	10.78125	10.5625	10.328125	10.109375	9.90625	9.6875
 13.797 	13.515625	13.25	12.984375	12.734375	12.46875	12.21875	11.96875	11.71875	11.484375	11.25	11.015625	10.78125	10.5625	10.328125	10.109375	9.90625	9.6875
 13.547 	13.28125	13.015625	12.75	12.5	12.234375	11.984375	11.734375	11.5	11.265625	11.015625	10.796875	10.5625	10.34375	10.125	9.90625	9.6875	9.484375
 13.281 	13.015625	12.75	12.5	12.234375	11.984375	11.75	11.5	11.265625	11.015625	10.78125	10.5625	10.328125	10.109375	9.890625	9.6875	9.46875	9.265625
 13.078 	12.8125	12.546875	12.296875	12.046875	11.796875	11.546875	11.296875	11.0625	10.828125	10.59375	10.375	10.15625	9.9375	9.71875	9.5	9.296875	9.09375
 13.359 	13.09375	12.828125	12.578125	12.3125	12.0625	11.8125	11.5625	11.328125	11.09375	10.859375	10.625	10.390625	10.171875	9.953125	9.734375	9.53125	9.3125
 13.359 	13.09375	12.828125	12.578125	12.3125	12.0625	11.8125	11.5625	11.328125	11.09375	10.859375	10.625	10.390625	10.171875	9.953125	9.734375	9.53125	9.3125
 13.484 	13.21875	12.953125	12.6875	12.421875	12.171875	11.921875	11.671875	11.421875	11.1875	10.953125	10.71875	10.484375	10.265625	10.03125	9.828125	9.609375	9.390625
 12.953 	12.6875	12.421875	12.171875	11.921875	11.671875	11.421875	11.1875	10.9375	10.703125	10.484375	10.25	10.03125	9.8125	9.59375	9.390625	9.171875	8.96875
 13.031 	12.765625	12.515625	12.25	12	11.75	11.5	11.25	11.015625	10.78125	10.546875	10.328125	10.09375	9.875	9.65625	9.453125	9.234375	9.03125
 13.359 	13.09375	12.828125	12.5625	12.296875	12.046875	11.796875	11.546875	11.296875	11.0625	10.828125	10.59375	10.375	10.140625	9.921875	9.703125	9.5	9.28125
 13.141 	12.875	12.609375	12.359375	12.09375	11.84375	11.59375	11.34375	11.109375	10.859375	10.625	10.40625	10.171875	9.953125	9.734375	9.515625	9.3125	9.09375
 13.000 	12.734375	12.46875	12.21875	11.953125	11.703125	11.453125	11.21875	10.96875	10.734375	10.5	10.28125	10.046875	9.828125	9.609375	9.390625	9.1875	8.984375
 12.516 	12.265625	12	11.75	11.5	11.25	11	10.765625	10.53125	10.296875	10.078125	9.859375	9.640625	9.421875	9.203125	9	8.796875	8.59375
 12.578 	12.3125	12.0625	11.796875	11.546875	11.3125	11.0625	10.828125	10.59375	10.359375	10.125	9.90625	9.6875	9.46875	9.25	9.046875	8.84375	8.640625
 12.266 	12	11.75	11.484375	11.25	11	10.765625	10.53125	10.296875	10.0625	9.84375	9.625	9.40625	9.1875	8.984375	8.78125	8.578125	8.375
 12.266 	12	11.75	11.484375	11.25	11	10.765625	10.53125	10.296875	10.0625	9.84375	9.625	9.40625	9.1875	8.984375	8.78125	8.578125	8.375
 10.719 	10.484375	10.25	10.015625	9.78125	9.5625	9.34375	9.125	8.921875	8.703125	8.5	8.296875	8.109375	7.90625	7.71875	7.53125	7.359375	7.171875
 10.766 	10.515625	10.28125	10.046875	9.828125	9.59375	9.375	9.15625	8.953125	8.734375	8.53125	8.328125	8.140625	7.9375	7.75	7.5625	7.375	7.203125
 10.828 	10.59375	10.34375	10.109375	9.890625	9.65625	9.4375	9.21875	9	8.796875	8.59375	8.390625	8.1875	7.984375	7.796875	7.609375	7.421875	7.25
 10.703 	10.46875	10.234375	10	9.765625	9.546875	9.328125	9.109375	8.890625	8.6875	8.484375	8.28125	8.078125	7.890625	7.703125	7.515625	7.328125	7.140625
 10.703 	10.46875	10.234375	10	9.765625	9.546875	9.328125	9.109375	8.890625	8.6875	8.484375	8.28125	8.078125	7.890625	7.703125	7.515625	7.328125	7.140625
 10.859 	10.609375	10.375	10.140625	9.90625	9.671875	9.453125	9.234375	9.015625	8.8125	8.59375	8.390625	8.203125	8	7.8125	7.609375	7.4375	7.25
 11.016 	10.765625	10.53125	10.296875	10.0625	9.828125	9.59375	9.375	9.15625	8.9375	8.734375	8.53125	8.328125	8.125	7.9375	7.734375	7.546875	7.375
 10.500 	10.25	10.015625	9.78125	9.5625	9.34375	9.125	8.90625	8.6875	8.484375	8.28125	8.078125	7.890625	7.6875	7.5	7.3125	7.140625	6.953125
 10.500 	10.25	10.015625	9.78125	9.5625	9.34375	9.125	8.90625	8.6875	8.484375	8.28125	8.078125	7.890625	7.6875	7.5	7.3125	7.140625	6.953125
 10.500 	10.25	10.015625	9.78125	9.5625	9.34375	9.125	8.90625	8.6875	8.484375	8.28125	8.078125	7.890625	7.6875	7.5	7.3125	7.140625	6.953125
 10.563 	10.328125	10.078125	9.859375	9.625	9.390625	9.171875	8.953125	8.75	8.53125	8.328125	8.125	7.9375	7.734375	7.546875	7.359375	7.171875	7
 10.641 	10.390625	10.15625	9.921875	9.6875	9.46875	9.234375	9.015625	8.8125	8.59375	8.390625	8.1875	7.984375	7.796875	7.609375	7.421875	7.234375	7.046875
 10.141 	9.90625	9.671875	9.4375	9.21875	9	8.78125	8.578125	8.359375	8.15625	7.953125	7.765625	7.578125	7.390625	7.203125	7.015625	6.84375	6.671875
 9.938 	9.703125	9.46875	9.234375	9.015625	8.796875	8.59375	8.375	8.171875	7.96875	7.78125	7.578125	7.390625	7.203125	7.03125	6.84375	6.671875	6.5
 9.938 	9.703125	9.46875	9.234375	9.015625	8.796875	8.59375	8.375	8.171875	7.96875	7.78125	7.578125	7.390625	7.203125	7.03125	6.84375	6.671875	6.5
 10.344 	10.109375	9.859375	9.640625	9.40625	9.1875	8.953125	8.75	8.53125	8.328125	8.125	7.921875	7.71875	7.53125	7.34375	7.15625	6.984375	6.796875
 9.625 	9.390625	9.171875	8.9375	8.71875	8.515625	8.296875	8.09375	7.890625	7.703125	7.5	7.3125	7.125	6.9375	6.765625	6.59375	6.421875	6.25
 9.359 	9.140625	8.921875	8.703125	8.484375	8.28125	8.0625	7.859375	7.671875	7.46875	7.28125	7.09375	6.921875	6.734375	6.5625	6.390625	6.21875	6.0625
 9.344 	9.125	8.90625	8.6875	8.46875	8.25	8.046875	7.84375	7.65625	7.453125	7.265625	7.078125	6.890625	6.71875	6.546875	6.375	6.203125	6.046875
 9.344 	9.125	8.90625	8.6875	8.46875	8.25	8.046875	7.84375	7.65625	7.453125	7.265625	7.078125	6.890625	6.71875	6.546875	6.375	6.203125	6.046875
 9.203 	8.96875	8.75	8.53125	8.328125	8.109375	7.90625	7.703125	7.515625	7.3125	7.125	6.9375	6.765625	6.578125	6.40625	6.25	6.078125	5.921875
 8.734 	8.515625	8.3125	8.09375	7.890625	7.6875	7.484375	7.296875	7.109375	6.921875	6.734375	6.5625	6.390625	6.21875	6.046875	5.890625	5.71875	5.578125
 8.531 	8.3125	8.09375	7.890625	7.6875	7.484375	7.296875	7.109375	6.921875	6.734375	6.5625	6.375	6.203125	6.046875	5.875	5.71875	5.5625	5.40625
 8.609 	8.390625	8.171875	7.96875	7.765625	7.5625	7.375	7.171875	6.984375	6.796875	6.625	6.453125	6.28125	6.109375	5.9375	5.78125	5.625	5.46875
 8.609 	8.390625	8.171875	7.96875	7.765625	7.5625	7.375	7.171875	6.984375	6.796875	6.625	6.453125	6.28125	6.109375	5.9375	5.78125	5.625	5.46875
 9.000 	8.78125	8.5625	8.34375	8.140625	7.921875	7.71875	7.515625	7.328125	7.140625	6.953125	6.765625	6.578125	6.40625	6.234375	6.0625	5.90625	5.75
 9.000 	8.78125	8.5625	8.34375	8.140625	7.921875	7.71875	7.515625	7.328125	7.140625	6.953125	6.765625	6.578125	6.40625	6.234375	6.0625	5.90625	5.734375
 8.875 	8.65625	8.4375	8.21875	8	7.796875	7.59375	7.40625	7.203125	7.015625	6.828125	6.65625	6.46875	6.296875	6.125	5.953125	5.796875	5.640625
 8.641 	8.421875	8.203125	7.984375	7.78125	7.578125	7.375	7.1875	7	6.8125	6.625	6.4375	6.265625	6.09375	5.9375	5.765625	5.609375	5.453125
 8.641 	8.421875	8.203125	7.984375	7.78125	7.578125	7.375	7.1875	7	6.8125	6.625	6.4375	6.265625	6.09375	5.9375	5.765625	5.609375	5.453125
 8.688 	8.453125	8.234375	8.03125	7.8125	7.609375	7.421875	7.21875	7.03125	6.84375	6.65625	6.46875	6.296875	6.125	5.953125	5.796875	5.640625	5.484375
 8.391 	8.171875	7.96875	7.75	7.546875	7.34375	7.15625	6.96875	6.78125	6.59375	6.40625	6.234375	6.0625	5.890625	5.734375	5.578125	5.421875	5.265625
 8.766 	8.546875	8.328125	8.109375	7.90625	7.703125	7.5	7.296875	7.109375	6.90625	6.734375	6.546875	6.375	6.1875	6.03125	5.859375	5.6875	5.53125
 8.672 	8.453125	8.234375	8.015625	7.8125	7.609375	7.40625	7.203125	7.015625	6.828125	6.640625	6.453125	6.28125	6.109375	5.9375	5.78125	5.609375	5.453125
 8.672 	8.453125	8.234375	8.015625	7.8125	7.609375	7.40625	7.203125	7.015625	6.828125	6.640625	6.453125	6.28125	6.109375	5.9375	5.78125	5.609375	5.453125
 8.734 	8.5	8.28125	8.0625	7.859375	7.65625	7.453125	7.25	7.046875	6.859375	6.671875	6.5	6.3125	6.140625	5.96875	5.8125	5.640625	5.484375
 8.750 	8.515625	8.296875	8.078125	7.875	7.65625	7.453125	7.265625	7.0625	6.875	6.6875	6.5	6.328125	6.15625	5.984375	5.8125	5.65625	5.5
 8.313 	8.09375	7.875	7.671875	7.453125	7.265625	7.0625	6.875	6.6875	6.5	6.3125	6.140625	5.96875	5.796875	5.640625	5.484375	5.328125	5.171875
 8.438 	8.21875	8	7.796875	7.59375	7.390625	7.1875	6.984375	6.796875	6.609375	6.4375	6.25	6.078125	5.90625	5.75	5.578125	5.421875	5.265625
 8.438 	8.21875	8	7.796875	7.59375	7.390625	7.1875	6.984375	6.796875	6.609375	6.4375	6.25	6.078125	5.90625	5.75	5.578125	5.421875	5.265625
 8.750 	8.53125	8.296875	8.078125	7.875	7.65625	7.453125	7.25	7.0625	6.859375	6.671875	6.5	6.3125	6.140625	5.96875	5.796875	5.640625	5.46875
 8.672 	8.4375	8.21875	8	7.78125	7.578125	7.375	7.171875	6.984375	6.796875	6.609375	6.421875	6.234375	6.0625	5.890625	5.734375	5.5625	5.40625
 8.656 	8.4375	8.203125	8	7.78125	7.578125	7.359375	7.171875	6.96875	6.78125	6.59375	6.40625	6.234375	6.0625	5.890625	5.71875	5.5625	5.390625
 8.828 	8.59375	8.375	8.15625	7.9375	7.71875	7.515625	7.3125	7.109375	6.921875	6.734375	6.546875	6.359375	6.1875	6.015625	5.84375	5.671875	5.515625
 8.828 	8.59375	8.375	8.15625	7.9375	7.71875	7.515625	7.3125	7.109375	6.921875	6.734375	6.546875	6.359375	6.1875	6.015625	5.84375	5.671875	5.515625
 8.828 	8.59375	8.375	8.15625	7.9375	7.71875	7.515625	7.3125	7.109375	6.921875	6.734375	6.546875	6.359375	6.1875	6.015625	5.84375	5.671875	5.515625
 8.609 	8.390625	8.15625	7.9375	7.734375	7.515625	7.3125	7.109375	6.921875	6.71875	6.53125	6.359375	6.171875	6	5.828125	5.65625	5.5	5.34375
 8.672 	8.453125	8.21875	8	7.796875	7.578125	7.375	7.171875	6.96875	6.78125	6.59375	6.40625	6.21875	6.046875	5.875	5.703125	5.546875	5.375
 8.344 	8.125	7.90625	7.6875	7.46875	7.265625	7.0625	6.875	6.671875	6.484375	6.3125	6.125	5.953125	5.78125	5.609375	5.453125	5.296875	5.140625
 8.344 	8.125	7.90625	7.6875	7.46875	7.265625	7.0625	6.875	6.671875	6.484375	6.3125	6.125	5.953125	5.78125	5.609375	5.453125	5.296875	5.140625
 8.375 	8.140625	7.921875	7.703125	7.5	7.296875	7.09375	6.890625	6.6875	6.5	6.3125	6.140625	5.96875	5.78125	5.625	5.453125	5.296875	5.140625
 8.531 	8.3125	8.078125	7.859375	7.65625	7.4375	7.234375	7.03125	6.84375	6.640625	6.453125	6.265625	6.09375	5.921875	5.75	5.578125	5.40625	5.25
 8.344 	8.125	7.90625	7.6875	7.46875	7.265625	7.0625	6.859375	6.671875	6.484375	6.296875	6.109375	5.9375	5.765625	5.59375	5.4375	5.265625	5.109375
 8.438 	8.203125	7.984375	7.765625	7.546875	7.34375	7.140625	6.9375	6.734375	6.546875	6.359375	6.1875	6	5.828125	5.65625	5.484375	5.328125	5.171875
 8.438 	8.203125	7.984375	7.765625	7.546875	7.34375	7.140625	6.9375	6.734375	6.546875	6.359375	6.1875	6	5.828125	5.65625	5.484375	5.328125	5.171875
 8.406 	8.1875	7.953125	7.734375	7.53125	7.3125	7.109375	6.90625	6.71875	6.515625	6.328125	6.15625	5.96875	5.796875	5.625	5.453125	5.296875	5.140625
 8.219 	8	7.765625	7.5625	7.34375	7.140625	6.9375	6.734375	6.546875	6.359375	6.171875	5.984375	5.8125	5.640625	5.46875	5.3125	5.15625	5
 8.000 	7.78125	7.5625	7.34375	7.140625	6.9375	6.734375	6.546875	6.359375	6.171875	5.984375	5.8125	5.640625	5.46875	5.296875	5.140625	4.984375	4.828125
 7.828 	7.609375	7.390625	7.1875	6.984375	6.78125	6.578125	6.390625	6.203125	6.015625	5.84375	5.671875	5.5	5.328125	5.171875	5.015625	4.859375	4.703125
 7.828 	7.609375	7.390625	7.1875	6.984375	6.78125	6.578125	6.390625	6.203125	6.015625	5.84375	5.671875	5.5	5.328125	5.171875	5.015625	4.859375	4.703125
 7.828 	7.609375	7.390625	7.1875	6.984375	6.78125	6.578125	6.390625	6.203125	6.015625	5.84375	5.671875	5.5	5.328125	5.171875	5.015625	4.859375	4.703125
 7.156 	6.953125	6.75	6.546875	6.359375	6.171875	5.984375	5.796875	5.625	5.453125	5.28125	5.125	4.953125	4.796875	4.65625	4.5	4.359375	4.21875
 7.313 	7.09375	6.890625	6.6875	6.484375	6.296875	6.109375	5.921875	5.75	5.5625	5.40625	5.234375	5.0625	4.90625	4.75	4.609375	4.453125	4.3125
 7.125 	6.921875	6.71875	6.515625	6.3125	6.125	5.9375	5.765625	5.59375	5.421875	5.25	5.078125	4.921875	4.765625	4.625	4.46875	4.328125	4.1875
 7.125 	6.921875	6.71875	6.515625	6.3125	6.125	5.9375	5.765625	5.59375	5.421875	5.25	5.078125	4.921875	4.765625	4.625	4.46875	4.328125	4.1875
 7.188 	6.984375	6.78125	6.578125	6.375	6.1875	6	5.8125	5.640625	5.453125	5.296875	5.125	4.96875	4.8125	4.65625	4.5	4.359375	4.21875
 7.250 	7.03125	6.828125	6.625	6.421875	6.234375	6.046875	5.859375	5.671875	5.5	5.328125	5.15625	5	4.84375	4.6875	4.53125	4.390625	4.25
 7.203 	7	6.796875	6.59375	6.390625	6.203125	6.015625	5.828125	5.640625	5.46875	5.296875	5.125	4.96875	4.8125	4.65625	4.5	4.359375	4.21875
 7.406 	7.1875	6.96875	6.765625	6.5625	6.359375	6.171875	5.984375	5.796875	5.625	5.453125	5.28125	5.109375	4.953125	4.796875	4.640625	4.484375	4.34375
 7.406 	7.1875	6.96875	6.765625	6.5625	6.359375	6.171875	5.984375	5.796875	5.625	5.453125	5.28125	5.109375	4.953125	4.796875	4.640625	4.484375	4.34375
 7.406 	7.1875	6.96875	6.765625	6.5625	6.359375	6.171875	5.984375	5.796875	5.625	5.453125	5.28125	5.109375	4.953125	4.796875	4.640625	4.484375	4.34375
 7.609 	7.375	7.171875	6.953125	6.75	6.546875	6.34375	6.15625	5.96875	5.78125	5.59375	5.421875	5.25	5.09375	4.921875	4.765625	4.609375	4.46875
 7.516 	7.296875	7.078125	6.859375	6.65625	6.453125	6.265625	6.0625	5.875	5.703125	5.515625	5.34375	5.171875	5.015625	4.859375	4.703125	4.546875	4.390625
 7.578 	7.359375	7.140625	6.921875	6.71875	6.515625	6.3125	6.125	5.9375	5.75	5.5625	5.390625	5.21875	5.0625	4.890625	4.734375	4.578125	4.4375
 7.578 	7.359375	7.140625	6.921875	6.71875	6.515625	6.3125	6.125	5.9375	5.75	5.5625	5.390625	5.21875	5.0625	4.890625	4.734375	4.578125	4.4375
 7.641 	7.40625	7.1875	6.984375	6.765625	6.5625	6.359375	6.171875	5.96875	5.78125	5.609375	5.4375	5.25	5.09375	4.921875	4.765625	4.609375	4.453125
 7.641 	7.421875	7.203125	6.984375	6.765625	6.5625	6.359375	6.171875	5.984375	5.796875	5.609375	5.4375	5.25	5.09375	4.921875	4.765625	4.609375	4.453125
 7.484 	7.265625	7.046875	6.84375	6.625	6.421875	6.234375	6.03125	5.84375	5.65625	5.484375	5.3125	5.140625	4.96875	4.8125	4.65625	4.5	4.34375
 7.125 	6.90625	6.703125	6.484375	6.296875	6.09375	5.90625	5.71875	5.53125	5.359375	5.1875	5.015625	4.84375	4.6875	4.53125	4.375	4.234375	4.09375
 7.125 	6.90625	6.703125	6.484375	6.296875	6.09375	5.90625	5.71875	5.53125	5.359375	5.1875	5.015625	4.84375	4.6875	4.53125	4.375	4.234375	4.09375
 7.406 	7.1875	6.96875	6.75	6.546875	6.34375	6.140625	5.953125	5.765625	5.578125	5.40625	5.21875	5.046875	4.890625	4.71875	4.5625	4.421875	4.265625
 7.344 	7.125	6.90625	6.6875	6.484375	6.28125	6.078125	5.890625	5.703125	5.515625	5.34375	5.171875	5	4.828125	4.671875	4.515625	4.359375	4.21875
 7.500 	7.265625	7.046875	6.828125	6.625	6.421875	6.21875	6.015625	5.828125	5.640625	5.453125	5.28125	5.109375	4.9375	4.78125	4.625	4.46875	4.3125
 7.688 	7.453125	7.234375	7.015625	6.796875	6.578125	6.375	6.171875	5.984375	5.796875	5.609375	5.421875	5.25	5.078125	4.90625	4.75	4.59375	4.4375
 7.688 	7.453125	7.234375	7.015625	6.796875	6.578125	6.375	6.171875	5.984375	5.796875	5.609375	5.421875	5.25	5.078125	4.90625	4.75	4.59375	4.4375
 7.875 	7.640625	7.40625	7.1875	6.96875	6.75	6.546875	6.34375	6.140625	5.953125	5.75	5.578125	5.390625	5.21875	5.046875	4.875	4.71875	4.5625
 7.859 	7.625	7.40625	7.171875	6.953125	6.734375	6.53125	6.328125	6.125	5.9375	5.75	5.5625	5.375	5.203125	5.03125	4.859375	4.703125	4.546875
 8.141 	7.90625	7.671875	7.4375	7.21875	7	6.78125	6.5625	6.359375	6.171875	5.96875	5.78125	5.59375	5.40625	5.234375	5.0625	4.890625	4.734375
 8.047 	7.796875	7.5625	7.34375	7.109375	6.890625	6.6875	6.46875	6.265625	6.078125	5.875	5.6875	5.5	5.328125	5.15625	4.984375	4.8125	4.65625
 8.047 	7.796875	7.5625	7.34375	7.109375	6.890625	6.6875	6.46875	6.265625	6.078125	5.875	5.6875	5.5	5.328125	5.15625	4.984375	4.8125	4.65625
 7.656 	7.421875	7.1875	6.96875	6.75	6.53125	6.328125	6.125	5.921875	5.734375	5.546875	5.359375	5.1875	5.015625	4.84375	4.671875	4.515625	4.359375
 7.563 	7.328125	7.109375	6.875	6.65625	6.453125	6.25	6.046875	5.84375	5.65625	5.46875	5.296875	5.109375	4.9375	4.765625	4.609375	4.453125	4.296875
 7.547 	7.3125	7.09375	6.875	6.65625	6.4375	6.234375	6.03125	5.828125	5.640625	5.453125	5.28125	5.09375	4.921875	4.765625	4.59375	4.4375	4.28125
 7.359 	7.125	6.90625	6.6875	6.46875	6.265625	6.0625	5.859375	5.671875	5.484375	5.296875	5.125	4.953125	4.78125	4.609375	4.453125	4.296875	4.15625
 7.359 	7.125	6.90625	6.6875	6.46875	6.265625	6.0625	5.859375	5.671875	5.484375	5.296875	5.125	4.953125	4.78125	4.609375	4.453125	4.296875	4.15625
 7.078 	6.84375	6.625	6.40625	6.203125	6	5.796875	5.609375	5.421875	5.234375	5.046875	4.875	4.71875	4.546875	4.390625	4.234375	4.078125	3.9375
 6.953 	6.734375	6.515625	6.296875	6.09375	5.890625	5.6875	5.5	5.3125	5.140625	4.953125	4.78125	4.609375	4.453125	4.296875	4.140625	4	3.84375
 7.078 	6.84375	6.625	6.40625	6.203125	6	5.796875	5.59375	5.40625	5.21875	5.046875	4.875	4.703125	4.53125	4.375	4.21875	4.0625	3.921875
 7.016 	6.796875	6.578125	6.359375	6.140625	5.9375	5.75	5.546875	5.359375	5.171875	5	4.828125	4.65625	4.5	4.328125	4.171875	4.03125	3.875
 6.922 	6.703125	6.484375	6.265625	6.046875	5.84375	5.65625	5.453125	5.265625	5.09375	4.90625	4.734375	4.578125	4.40625	4.25	4.09375	3.953125	3.796875
 7.016 	6.796875	6.578125	6.359375	6.140625	5.9375	5.734375	5.546875	5.359375	5.171875	4.984375	4.8125	4.640625	4.484375	4.3125	4.15625	4.015625	3.859375
 6.813 	6.578125	6.359375	6.15625	5.9375	5.75	5.546875	5.359375	5.171875	4.984375	4.8125	4.640625	4.46875	4.3125	4.15625	4	3.859375	3.71875
 6.672 	6.453125	6.25	6.03125	5.828125	5.625	5.4375	5.25	5.0625	4.875	4.703125	4.546875	4.375	4.21875	4.0625	3.90625	3.765625	3.625
 6.750 	6.53125	6.3125	6.09375	5.890625	5.6875	5.5	5.3125	5.125	4.9375	4.765625	4.59375	4.421875	4.265625	4.109375	3.953125	3.8125	3.671875
 6.672 	6.4375	6.21875	6.015625	5.8125	5.609375	5.40625	5.21875	5.03125	4.859375	4.6875	4.515625	4.34375	4.1875	4.03125	3.875	3.734375	3.59375
 6.656 	6.421875	6.21875	6	5.796875	5.59375	5.390625	5.203125	5.015625	4.84375	4.671875	4.5	4.328125	4.171875	4.015625	3.859375	3.71875	3.578125
 6.875 	6.640625	6.421875	6.203125	6	5.796875	5.59375	5.390625	5.203125	5.015625	4.84375	4.671875	4.5	4.328125	4.171875	4.015625	3.859375	3.71875
 6.984 	6.75	6.515625	6.296875	6.09375	5.875	5.671875	5.484375	5.28125	5.09375	4.921875	4.734375	4.5625	4.40625	4.234375	4.078125	3.921875	3.78125
 6.859 	6.625	6.40625	6.1875	5.96875	5.765625	5.5625	5.375	5.1875	5	4.8125	4.640625	4.46875	4.3125	4.140625	3.984375	3.84375	3.6875
 7.031 	6.796875	6.5625	6.34375	6.125	5.921875	5.71875	5.515625	5.3125	5.125	4.9375	4.765625	4.59375	4.421875	4.25	4.09375	3.9375	3.796875
 7.219 	6.984375	6.75	6.53125	6.296875	6.09375	5.875	5.671875	5.46875	5.28125	5.09375	4.90625	4.734375	4.546875	4.390625	4.21875	4.0625	3.90625
 7.203 	6.96875	6.734375	6.5	6.28125	6.0625	5.859375	5.640625	5.453125	5.25	5.0625	4.890625	4.703125	4.53125	4.359375	4.203125	4.046875	3.890625
 7.047 	6.8125	6.578125	6.359375	6.140625	5.921875	5.71875	5.515625	5.328125	5.125	4.9375	4.765625	4.59375	4.421875	4.25	4.09375	3.9375	3.78125
 6.938 	6.703125	6.484375	6.25	6.03125	5.828125	5.609375	5.40625	5.21875	5.03125	4.84375	4.65625	4.484375	4.3125	4.15625	4	3.84375	3.6875
 6.938 	6.703125	6.484375	6.25	6.03125	5.828125	5.609375	5.40625	5.21875	5.03125	4.84375	4.65625	4.484375	4.3125	4.15625	4	3.84375	3.6875
 7.063 	6.8125	6.578125	6.359375	6.140625	5.921875	5.703125	5.5	5.3125	5.109375	4.921875	4.75	4.5625	4.390625	4.234375	4.0625	3.90625	3.75
 7.156 	6.921875	6.6875	6.453125	6.234375	6.015625	5.796875	5.59375	5.390625	5.1875	5	4.8125	4.640625	4.46875	4.296875	4.125	3.96875	3.8125
 7.094 	6.859375	6.625	6.390625	6.171875	5.953125	5.734375	5.53125	5.328125	5.140625	4.953125	4.765625	4.578125	4.40625	4.25	4.078125	3.921875	3.765625
 7.266 	7.03125	6.78125	6.546875	6.328125	6.109375	5.890625	5.671875	5.46875	5.28125	5.078125	4.890625	4.71875	4.53125	4.359375	4.203125	4.03125	3.875
 7.234 	6.984375	6.75	6.515625	6.28125	6.0625	5.84375	5.640625	5.4375	5.234375	5.046875	4.859375	4.671875	4.484375	4.3125	4.15625	3.984375	3.828125
 7.266 	7.015625	6.765625	6.53125	6.3125	6.078125	5.859375	5.65625	5.453125	5.25	5.046875	4.859375	4.671875	4.5	4.328125	4.15625	4	3.84375
 7.281 	7.03125	6.78125	6.546875	6.328125	6.09375	5.875	5.671875	5.453125	5.265625	5.0625	4.875	4.6875	4.515625	4.328125	4.171875	4	3.84375
 7.297 	7.046875	6.8125	6.5625	6.34375	6.109375	5.890625	5.6875	5.46875	5.265625	5.078125	4.890625	4.703125	4.515625	4.34375	4.171875	4.015625	3.859375
 7.406 	7.140625	6.90625	6.65625	6.421875	6.203125	5.984375	5.765625	5.546875	5.34375	5.140625	4.953125	4.765625	4.578125	4.40625	4.234375	4.078125	3.90625
 7.406 	7.15625	6.90625	6.671875	6.421875	6.203125	5.96875	5.765625	5.546875	5.34375	5.140625	4.953125	4.75	4.578125	4.390625	4.21875	4.0625	3.890625
 7.469 	7.203125	6.953125	6.71875	6.484375	6.25	6.015625	5.796875	5.59375	5.375	5.1875	4.984375	4.796875	4.609375	4.421875	4.25	4.09375	3.921875
 7.297 	7.03125	6.796875	6.546875	6.3125	6.09375	5.859375	5.640625	5.4375	5.234375	5.03125	4.84375	4.65625	4.46875	4.296875	4.125	3.96875	3.796875
 7.375 	7.125	6.875	6.625	6.390625	6.15625	5.9375	5.71875	5.5	5.296875	5.09375	4.90625	4.71875	4.53125	4.34375	4.171875	4.015625	3.84375
 7.234 	6.984375	6.734375	6.5	6.265625	6.03125	5.8125	5.59375	5.390625	5.1875	4.984375	4.796875	4.609375	4.421875	4.25	4.078125	3.921875	3.75
 7.250 	7	6.75	6.5	6.265625	6.03125	5.8125	5.59375	5.375	5.171875	4.96875	4.78125	4.59375	4.40625	4.234375	4.0625	3.890625	3.734375
 7.344 	7.078125	6.828125	6.59375	6.34375	6.109375	5.890625	5.671875	5.453125	5.25	5.046875	4.84375	4.65625	4.46875	4.296875	4.125	3.953125	3.78125
 7.406 	7.140625	6.890625	6.640625	6.390625	6.15625	5.9375	5.71875	5.5	5.28125	5.078125	4.890625	4.6875	4.5	4.328125	4.15625	3.984375	3.8125
 7.203 	6.953125	6.703125	6.453125	6.21875	5.984375	5.765625	5.546875	5.328125	5.125	4.921875	4.734375	4.546875	4.359375	4.1875	4.015625	3.84375	3.6875
 7.234 	6.96875	6.71875	6.484375	6.234375	6	5.78125	5.5625	5.34375	5.140625	4.9375	4.75	4.5625	4.375	4.1875	4.015625	3.859375	3.6875
 7.203 	6.953125	6.703125	6.453125	6.21875	5.984375	5.75	5.53125	5.3125	5.109375	4.90625	4.703125	4.515625	4.328125	4.15625	3.984375	3.8125	3.65625
 7.219 	6.96875	6.703125	6.453125	6.21875	5.984375	5.75	5.53125	5.328125	5.109375	4.90625	4.71875	4.515625	4.34375	4.15625	3.984375	3.8125	3.65625
 7.219 	6.953125	6.703125	6.453125	6.203125	5.96875	5.75	5.53125	5.3125	5.09375	4.890625	4.703125	4.515625	4.328125	4.140625	3.96875	3.796875	3.640625
 7.234 	6.96875	6.71875	6.46875	6.21875	5.984375	5.765625	5.53125	5.328125	5.109375	4.90625	4.703125	4.515625	4.328125	4.15625	3.984375	3.8125	3.640625
 7.438 	7.171875	6.90625	6.65625	6.40625	6.171875	5.9375	5.703125	5.484375	5.265625	5.0625	4.859375	4.65625	4.46875	4.28125	4.109375	3.9375	3.765625
 7.313 	7.046875	6.796875	6.53125	6.28125	6.046875	5.8125	5.578125	5.359375	5.15625	4.9375	4.734375	4.546875	4.359375	4.171875	4	3.828125	3.65625
 7.313 	7.046875	6.796875	6.53125	6.28125	6.046875	5.8125	5.578125	5.359375	5.15625	4.9375	4.734375	4.546875	4.359375	4.171875	4	3.828125	3.65625
 7.375 	7.09375	6.828125	6.578125	6.328125	6.09375	5.84375	5.625	5.40625	5.1875	4.96875	4.765625	4.578125	4.375	4.203125	4.015625	3.84375	3.671875
 7.563 	7.296875	7.03125	6.765625	6.515625	6.265625	6.015625	5.78125	5.5625	5.34375	5.125	4.921875	4.71875	4.515625	4.328125	4.140625	3.96875	3.796875
 7.422 	7.15625	6.890625	6.625	6.375	6.140625	5.890625	5.65625	5.4375	5.21875	5	4.796875	4.59375	4.40625	4.21875	4.046875	3.859375	3.703125
 7.453 	7.171875	6.90625	6.640625	6.390625	6.140625	5.90625	5.671875	5.4375	5.21875	5	4.796875	4.59375	4.40625	4.21875	4.03125	3.859375	3.6875
 7.453 	7.171875	6.90625	6.640625	6.375	6.140625	5.890625	5.65625	5.421875	5.203125	5	4.78125	4.578125	4.390625	4.203125	4.015625	3.84375	3.671875
 7.453 	7.171875	6.90625	6.640625	6.375	6.125	5.890625	5.65625	5.421875	5.203125	4.984375	4.78125	4.578125	4.375	4.1875	4.015625	3.828125	3.65625
 7.688 	7.40625	7.125	6.859375	6.59375	6.34375	6.09375	5.84375	5.609375	5.390625	5.15625	4.953125	4.734375	4.546875	4.34375	4.15625	3.96875	3.796875
 7.500 	7.21875	6.953125	6.6875	6.421875	6.171875	5.921875	5.6875	5.453125	5.234375	5.015625	4.796875	4.59375	4.40625	4.203125	4.03125	3.84375	3.671875
 7.484 	7.203125	6.921875	6.65625	6.40625	6.140625	5.90625	5.65625	5.421875	5.203125	4.984375	4.765625	4.5625	4.359375	4.171875	3.984375	3.8125	3.640625
 7.375 	7.09375	6.828125	6.5625	6.296875	6.046875	5.796875	5.5625	5.328125	5.109375	4.890625	4.6875	4.484375	4.28125	4.09375	3.90625	3.734375	3.5625
 7.031 	6.765625	6.5	6.234375	5.984375	5.734375	5.5	5.265625	5.046875	4.828125	4.625	4.421875	4.21875	4.03125	3.84375	3.671875	3.5	3.328125
 7.313 	7.03125	6.765625	6.5	6.234375	5.984375	5.734375	5.5	5.265625	5.046875	4.828125	4.609375	4.40625	4.21875	4.03125	3.84375	3.671875	3.5
 7.375 	7.09375	6.8125	6.546875	6.28125	6.03125	5.78125	5.546875	5.3125	5.078125	4.859375	4.65625	4.453125	4.25	4.0625	3.875	3.6875	3.515625
 7.250 	6.953125	6.6875	6.421875	6.15625	5.90625	5.65625	5.40625	5.1875	4.953125	4.734375	4.53125	4.328125	4.125	3.9375	3.75	3.578125	3.40625
 7.188 	6.90625	6.640625	6.375	6.109375	5.859375	5.609375	5.375	5.140625	4.90625	4.6875	4.484375	4.28125	4.078125	3.890625	3.71875	3.53125	3.359375
 7.125 	6.84375	6.5625	6.296875	6.046875	5.78125	5.546875	5.3125	5.078125	4.84375	4.640625	4.421875	4.21875	4.03125	3.84375	3.65625	3.484375	3.3125
 7.141 	6.859375	6.578125	6.3125	6.046875	5.796875	5.546875	5.3125	5.078125	4.859375	4.640625	4.421875	4.21875	4.03125	3.84375	3.65625	3.484375	3.3125
 7.359 	7.0625	6.78125	6.5	6.234375	5.984375	5.734375	5.484375	5.25	5.015625	4.796875	4.578125	4.375	4.171875	3.96875	3.78125	3.609375	3.421875
 7.359 	7.0625	6.78125	6.5	6.234375	5.96875	5.71875	5.46875	5.21875	5	4.765625	4.546875	4.34375	4.140625	3.9375	3.75	3.578125	3.390625
 7.203 	6.921875	6.640625	6.359375	6.09375	5.828125	5.578125	5.328125	5.09375	4.875	4.640625	4.4375	4.21875	4.03125	3.828125	3.640625	3.46875	3.296875
 6.766 	6.484375	6.21875	5.953125	5.6875	5.4375	5.203125	4.96875	4.734375	4.515625	4.296875	4.09375	3.90625	3.703125	3.53125	3.34375	3.1875	3.015625
 6.609 	6.328125	6.0625	5.796875	5.53125	5.296875	5.046875	4.828125	4.59375	4.375	4.171875	3.96875	3.78125	3.59375	3.40625	3.234375	3.078125	2.90625
 6.438 	6.171875	5.890625	5.640625	5.390625	5.140625	4.90625	4.6875	4.453125	4.25	4.046875	3.84375	3.65625	3.46875	3.296875	3.125	2.953125	2.8125
 6.141 	5.875	5.609375	5.34375	5.09375	4.859375	4.625	4.40625	4.1875	3.984375	3.78125	3.59375	3.40625	3.234375	3.0625	2.890625	2.734375	2.59375
 6.141 	5.875	5.609375	5.34375	5.09375	4.859375	4.625	4.40625	4.1875	3.984375	3.78125	3.59375	3.40625	3.234375	3.0625	2.890625	2.734375	2.59375
 6.406 	6.125	5.84375	5.59375	5.328125	5.078125	4.84375	4.609375	4.390625	4.171875	3.96875	3.765625	3.578125	3.390625	3.21875	3.046875	2.875	2.71875
 6.484 	6.203125	5.921875	5.65625	5.40625	5.15625	4.90625	4.671875	4.453125	4.234375	4.015625	3.8125	3.625	3.4375	3.25	3.078125	2.921875	2.75
 6.188 	5.921875	5.65625	5.390625	5.140625	4.890625	4.65625	4.4375	4.21875	4	3.796875	3.59375	3.40625	3.234375	3.0625	2.890625	2.734375	2.578125
 6.625 	6.34375	6.0625	5.78125	5.515625	5.25	5	4.765625	4.53125	4.3125	4.09375	3.875	3.671875	3.484375	3.296875	3.125	2.953125	2.78125
 6.766 	6.46875	6.171875	5.890625	5.625	5.359375	5.109375	4.859375	4.625	4.390625	4.171875	3.96875	3.75	3.5625	3.375	3.1875	3.015625	2.84375
 6.781 	6.484375	6.1875	5.90625	5.640625	5.375	5.109375	4.875	4.625	4.40625	4.171875	3.96875	3.75	3.5625	3.375	3.1875	3.015625	2.84375
 6.844 	6.53125	6.25	5.953125	5.6875	5.421875	5.15625	4.90625	4.671875	4.4375	4.203125	4	3.78125	3.578125	3.390625	3.203125	3.03125	2.859375
 6.719 	6.421875	6.140625	5.84375	5.578125	5.3125	5.0625	4.8125	4.5625	4.34375	4.109375	3.90625	3.6875	3.5	3.3125	3.125	2.953125	2.78125
 6.719 	6.40625	6.125	5.828125	5.5625	5.28125	5.03125	4.78125	4.53125	4.296875	4.078125	3.859375	3.65625	3.453125	3.265625	3.078125	2.90625	2.734375
 6.766 	6.453125	6.15625	5.875	5.59375	5.328125	5.0625	4.8125	4.5625	4.328125	4.09375	3.890625	3.671875	3.46875	3.28125	3.09375	2.921875	2.75
 6.703 	6.390625	6.09375	5.8125	5.53125	5.265625	5	4.75	4.5	4.265625	4.046875	3.828125	3.609375	3.421875	3.21875	3.046875	2.859375	2.6875
 6.703 	6.390625	6.09375	5.8125	5.53125	5.265625	5	4.75	4.5	4.265625	4.046875	3.828125	3.609375	3.421875	3.21875	3.046875	2.859375	2.6875
