           1  0.720126748417410     
           2  0.182715239874099     
           3  0.106687370237996     
           4  0.450880501964467     
           5  0.656538553948195     
           6 -0.976233795633889     
           7  9.800155515549233E-003
           8  1.527960790493473E-003
           9  0.437280349907584     
          10  3.628621800900191E-002
          11 -0.809374081520547     
          12   2.50648441414555     
           1  0.720086258241627     
           2  0.182715229424195     
           3  0.106688118668713     
           4  0.450885117696454     
           5  0.656542726548666     
           6 -0.976233311637669     
           7  9.800159604414823E-003
           8  1.895892008470154E-003
           9  0.437281671497316     
          10  3.628629869471079E-002
          11 -0.809374146776615     
          12   2.50671077159459     
           1  0.719975677070354     
           2  0.182716267488787     
           3  0.106690030507980     
           4  0.450895832500839     
           5  0.656551897256584     
           6 -0.976232173684610     
           7  9.800177545822309E-003
           8  2.167603615344793E-003
           9  0.437282239529653     
          10  3.628654317229356E-002
          11 -0.809374393772896     
          12   2.50574722950373     
           1  0.719983894631759     
           2  0.182715926245350     
           3  0.106689920027830     
           4  0.450895494430217     
           5  0.656551757693723     
           6 -0.976232212668280     
           7  9.800175781987599E-003
           8  2.043946600140535E-003
           9  0.437282053281369     
          10  3.628647064246852E-002
          11 -0.809374376174515     
          12   2.50598393015388     
           1  0.719999886780774     
           2  0.182715893089142     
           3  0.106689613332023     
           4  0.450893799124804     
           5  0.656550215065192     
           6 -0.976232397809117     
           7  9.800171524290368E-003
           8  2.287699327284160E-003
           9  0.437282803530329     
          10  3.628654528368305E-002
          11 -0.809374312486792     
          12   2.50580272898681     
           1  0.719954976580877     
           2  0.182716683724789     
           3  0.106690360110178     
           4  0.450897371636294     
           5  0.656553093070081     
           6 -0.976231998186987     
           7  9.800185978861807E-003
           8  2.152071466410263E-003
           9  0.437282222989543     
          10  3.628667971782312E-002
          11 -0.809374512092224     
          12   2.50501040465588     
           1  0.720022397601758     
           2  0.182716026146944     
           3  0.106689183405346     
           4  0.450891013774144     
           5  0.656547636180596     
           6 -0.976232688194406     
           7  9.800169184268523E-003
           8  2.428862415070001E-003
           9  0.437283021845382     
          10  3.628660129223692E-002
          11 -0.809374271521133     
          12   2.50549113979670     
           1  0.719957382726128     
           2  0.182716281970363     
           3  0.106690402627122     
           4  0.450897743337585     
           5  0.656553675788590     
           6 -0.976231956624515     
           7  9.800184344577989E-003
           8  2.225484857247797E-003
           9  0.437282723639800     
          10  3.628653760086045E-002
          11 -0.809374498926985     
          12   2.50626412809059     
           1  0.720038308361275     
           2  0.182715963118222     
           3  0.106688884598942     
           4  0.450889354793114     
           5  0.656546146854083     
           6 -0.976232867077192     
           7  9.800164417405922E-003
           8  3.337525780706485E-003
           9  0.437285996963886     
          10  3.628682474985611E-002
          11 -0.809374204865196     
          12   2.50571976791770     
           1  0.720064745693705     
           2  0.182716143689085     
           3  0.106688378346740     
           4  0.450886026739006     
           5  0.656543059510738     
           6 -0.976233213020213     
           7  9.800165544970091E-003
           8  2.156537018371718E-003
           9  0.437282414682311     
          10  3.628657485738837E-002
          11 -0.809374214661008     
          12   2.50542889919296     
           1  0.720122109263791     
           2  0.182716099107048     
           3  0.106687288748322     
           4  0.450879719092089     
           5  0.656537322965992     
           6 -0.976233889211295     
           7  9.800154003358973E-003
           8  2.593326916639656E-003
           9  0.437283768656742     
          10  3.628671054303508E-002
          11 -0.809374042266923     
          12   2.50528871172422     
           1  0.720195265254557     
           2  0.182716287909005     
           3  0.106685906504066     
           4  0.450871126824070     
           5  0.656529453752756     
           6 -0.976234793523733     
           7  9.800143491870559E-003
           8  2.236893195370852E-003
           9  0.437282705874376     
          10  3.628669841778997E-002
          11 -0.809373873947691     
          12   2.50446436427373     
           1  0.720267989195549     
           2  0.182715302227773     
           3  0.106684701718151     
           4  0.450864607159499     
           5  0.656524066627541     
           6 -0.976235489832891     
           7  9.800135861473812E-003
           8  2.178166427489021E-003
           9  0.437282620144533     
          10  3.628649645583776E-002
          11 -0.809373774739366     
          12   2.50540917086325     
           1  0.720276014479680     
           2  0.182715578495195     
           3  0.106684523291368     
           4  0.450863198560867     
           5  0.656522666008382     
           6 -0.976235632719804     
           7  9.800134006154827E-003
           8  1.810731509247055E-003
           9  0.437281368488122     
          10  3.628647551419321E-002
          11 -0.809373735519538     
          12   2.50428954717924     
           1  0.720380825954976     
           2  0.182715524524781     
           3  0.106682572128827     
           4  0.450851524428784     
           5  0.656512103039813     
           6 -0.976236870830306     
           7  9.800121491053507E-003
           8  2.053539856952323E-003
           9  0.437281897324849     
          10  3.628653684476168E-002
          11 -0.809373547033236     
          12   2.50441413162037     
           1  0.720423479227086     
           2  0.182715678326401     
           3  0.106681765484212     
           4  0.450846430210711     
           5  0.656507423715694     
           6 -0.976237403649089     
           7  9.800116468949526E-003
           8  2.002523581230754E-003
           9  0.437281608966430     
          10  3.628653895916659E-002
          11 -0.809373469175227     
          12   2.50431691094338     
           1  0.720436510358004     
           2  0.182715723972066     
           3  0.106681526142476     
           4  0.450844848879903     
           5  0.656505983904892     
           6 -0.976237566286402     
           7  9.800116089460860E-003
           8  2.059321579554922E-003
           9  0.437281652900202     
          10  3.628655294215660E-002
          11 -0.809373462076779     
          12   2.50433730829476     
           1  0.720308871095641     
           2  0.182716587095385     
           3  0.106683783082705     
           4  0.450857691951403     
           5  0.656517184983877     
           6 -0.976236199363490     
           7  9.800126261841173E-003
           8  2.087998631026514E-003
           9  0.437281336267505     
          10  3.628670458985596E-002
          11 -0.809373601235430     
          12   2.50298477912369     
           1  0.720225217376855     
           2  0.182716689141951     
           3  0.106685431630953     
           4  0.450866533058760     
           5  0.656525321133920     
           6 -0.976235219484999     
           7  9.800152831771198E-003
           8  2.743592765870430E-003
           9  0.437283417774171     
          10  3.628677706016818E-002
          11 -0.809374003991385     
          12   2.50463631233136     
           1  0.720248017206562     
           2  0.182716202843842     
           3  0.106685006446840     
           4  0.450865023450390     
           5  0.656524087158517     
           6 -0.976235410805857     
           7  9.800144297353963E-003
           8  2.010147386753840E-003
           9  0.437281280774385     
          10  3.628657744722248E-002
          11 -0.809373885963640     
          12   2.50454744115288     
           1  0.720212289828507     
           2  0.182716067995796     
           3  0.106685716026972     
           4  0.450869159816562     
           5  0.656527947723622     
           6 -0.976234962436543     
           7  9.800150971363280E-003
           8  1.972011512451933E-003
           9  0.437281160468646     
          10  3.628652228996665E-002
          11 -0.809373990951973     
          12   2.50494933354114     
           1  0.720196546466034     
           2  0.182715930132740     
           3  0.106685999369394     
           4  0.450871246717772     
           5  0.656529863754800     
           6 -0.976234752779801     
           7  9.800149010602109E-003
           8  2.246791404825430E-003
           9  0.437281851031070     
          10  3.628658138862507E-002
          11 -0.809373966070958     
          12   2.50497168628482     
           1  0.720163308689855     
           2  0.182715745802026     
           3  0.106686661656566     
           4  0.450875223709933     
           5  0.656533591729718     
           6 -0.976234325745265     
           7  9.800152351854108E-003
           8  2.554274172697439E-003
           9  0.437282629046992     
          10  3.628659719792705E-002
          11 -0.809374022297539     
          12   2.50535039626599     
           1  0.720063752660596     
           2  0.182715803752135     
           3  0.106688581382232     
           4  0.450886027932550     
           5  0.656543478669489     
           6 -0.976233150123457     
           7  9.800163698918438E-003
           8  2.234580151287400E-003
           9  0.437281636810610     
          10  3.628648134879116E-002
          11 -0.809374196758170     
          12   2.50609097645765     
           1  0.720001137063639     
           2  0.182716280676528     
           3  0.106689633556065     
           4  0.450892348283115     
           5  0.656548891554579     
           6 -0.976232493141967     
           7  9.800160801135049E-003
           8  2.386892903550307E-003
           9  0.437281810438177     
          10  3.628668462318912E-002
          11 -0.809374145727900     
          12   2.50502891890875     
           1  0.719862419250595     
           2  0.182716311097449     
           3  0.106692233251383     
           4  0.450907844424910     
           5  0.656562946559499     
           6 -0.976230845287035     
           7  9.800176946539112E-003
           8  2.861504976900786E-003
           9  0.437283110305497     
          10  3.628674257800674E-002
          11 -0.809374399151470     
          12   2.50601661491698     
           1  0.719830919769820     
           2  0.182716105492293     
           3  0.106692814226784     
           4  0.450911893788796     
           5  0.656566660814534     
           6 -0.976230434135146     
           7  9.800176224223614E-003
           8  2.763682392651482E-003
           9  0.437282923461067     
          10  3.628667027431860E-002
          11 -0.809374396060498     
          12   2.50638423083821     
           1  0.719677556453121     
           2  0.182716492525832     
           3  0.106695785499529     
           4  0.450927910547608     
           5  0.656581231460384     
           6 -0.976228672889979     
           7  9.800204714067725E-003
           8  2.872138551056006E-003
           9  0.437283340816995     
          10  3.628667428681703E-002
          11 -0.809374822848404     
          12   2.50703746095313     
           1  0.719708525510396     
           2  0.182716170125806     
           3  0.106695142400136     
           4  0.450925413348410     
           5  0.656578948791567     
           6 -0.976228985534197     
           7  9.800193173418818E-003
           8  3.159501918183325E-003
           9  0.437284236313029     
          10  3.628670802214915E-002
          11 -0.809374658256501     
          12   2.50707978915501     
           1  0.719738165016979     
           2  0.182716110021197     
           3  0.106694554291577     
           4  0.450922360589765     
           5  0.656576140007549     
           6 -0.976229327652165     
           7  9.800189705707760E-003
           8  3.458489061630380E-003
           9  0.437285034534233     
          10  3.628677222991943E-002
          11 -0.809374606088487     
          12   2.50693425157868     
           1  0.719684335520278     
           2  0.182716562262367     
           3  0.106695651252459     
           4  0.450927051611162     
           5  0.656580403367618     
           6 -0.976228764012170     
           7  9.800209123765872E-003
           8  3.504691446042192E-003
           9  0.437285039794930     
          10  3.628680904038312E-002
          11 -0.809374888769270     
          12   2.50701819718207     
           1  0.719775448843658     
           2  0.182716430270834     
           3  0.106693866214928     
           4  0.450917409805588     
           5  0.656571569498651     
           6 -0.976229827074004     
           7  9.800195407431175E-003
           8  3.695101659369831E-003
           9  0.437285517016965     
          10  3.628688439137043E-002
          11 -0.809374680111440     
          12   2.50642646852439     
           1  0.719695844780710     
           2  0.182716704845796     
           3  0.106695454488340     
           4  0.450925360471190     
           5  0.656578852169330     
           6 -0.976228925634902     
           7  9.800212932841871E-003
           8  3.766784557038951E-003
           9  0.437285645183671     
          10  3.628688734787702E-002
          11 -0.809374941327724     
          12   2.50684621983337     
           1  0.719750620603448     
           2  0.182716538822456     
           3  0.106694356226987     
           4  0.450919867051644     
           5  0.656573805935935     
           6 -0.976229550305074     
           7  9.800200000845458E-003
           8  4.734075524331300E-003
           9  0.437288080604823     
          10  3.628710232321367E-002
          11 -0.809374746672582     
          12   2.50640450690885     
           1  0.719613678339186     
           2  0.182716750052813     
           3  0.106697113762489     
           4  0.450933988956427     
           5  0.656586850383698     
           6 -0.976227955746236     
           7  9.800222780762299E-003
           8  3.777084927709821E-003
           9  0.437285630207188     
          10  3.628685986529367E-002
          11 -0.809375094008880     
          12   2.50741763674289     
           1  0.719603358248974     
           2  0.182716539926406     
           3  0.106697299470336     
           4  0.450935652968627     
           5  0.656588408491842     
           6 -0.976227796695589     
           7  9.800217580882566E-003
           8  3.920525313736862E-003
           9  0.437285949386131     
          10  3.628684567176561E-002
          11 -0.809375022542388     
          12   2.50765664633055     
           1  0.719673517523090     
           2  0.182716228283578     
           3  0.106695838624943     
           4  0.450929073797724     
           5  0.656582308533645     
           6 -0.976228579009034     
           7  9.800198901483913E-003
           8  4.311628211582440E-003
           9  0.437286859545164     
          10  3.628691077128246E-002
          11 -0.809374744270664     
          12   2.50723227753889     
           1  0.719639015824831     
           2  0.182716340408366     
           3  0.106696592757273     
           4  0.450932209404901     
           5  0.656585275716300     
           6 -0.976228189841036     
           7  9.800207985150664E-003
           8  4.156235271500806E-003
           9  0.437286768821448     
          10  3.628692651244002E-002
          11 -0.809374880529822     
          12   2.50745041196866     
           1  0.719683969866206     
           2  0.182716392680645     
           3  0.106695743804723     
           4  0.450927047581407     
           5  0.656580567432213     
           6 -0.976228735130831     
           7  9.800205519569801E-003
           8  4.068626952216202E-003
           9  0.437286472889909     
          10  3.628692176719200E-002
          11 -0.809374840439706     
          12   2.50730560796562     
           1  0.719704632034627     
           2  0.182716488225614     
           3  0.106695410186524     
           4  0.450924262575521     
           5  0.656578091434702     
           6 -0.976228999105326     
           7  9.800207628431236E-003
           8  3.889940288085883E-003
           9  0.437285857220565     
          10  3.628691001552295E-002
          11 -0.809374870237501     
          12   2.50708362092669     
           1  0.719870867163847     
           2  0.182716282430270     
           3  0.106692201295706     
           4  0.450906424635385     
           5  0.656561822378080     
           6 -0.976230944498277     
           7  9.800186467507566E-003
           8  3.995522043932790E-003
           9  0.437286011771871     
          10  3.628697691154456E-002
          11 -0.809374543127527     
          12   2.50595138791939     
           1  0.719869213631169     
           2  0.182716692706049     
           3  0.106692392000032     
           4  0.450905050630098     
           5  0.656560694045877     
           6 -0.976230994747126     
           7  9.800200910432873E-003
           8  3.813510978123224E-003
           9  0.437285241898127     
          10  3.628695029239729E-002
          11 -0.809374750671393     
          12   2.50583846920784     
           1  0.719940165819693     
           2  0.182716711382520     
           3  0.106690983541160     
           4  0.450897402378563     
           5  0.656553637149908     
           6 -0.976231841310084     
           7  9.800194841501528E-003
           8  3.585570694781117E-003
           9  0.437284367803365     
          10  3.628688764825272E-002
          11 -0.809374652454731     
          12   2.50541427237399     
           1  0.719981872940751     
           2  0.182716603724359     
           3  0.106690090793023     
           4  0.450893440645287     
           5  0.656549901288249     
           6 -0.976232319106512     
           7  9.800185964161594E-003
           8  4.206513678215718E-003
           9  0.437285937963811     
          10  3.628702788341413E-002
          11 -0.809374518070631     
          12   2.50501775270138     
           1  0.720003363190385     
           2  0.182716659526585     
           3  0.106689658255020     
           4  0.450891037915645     
           5  0.656547652563452     
           6 -0.976232583497864     
           7  9.800183476713031E-003
           8  5.113032062942206E-003
           9  0.437288250016747     
          10  3.628723048572234E-002
          11 -0.809374478825700     
          12   2.50485166785893     
           1  0.720028416057489     
           2  0.182715874831817     
           3  0.106689335346833     
           4  0.450889492062562     
           5  0.656546693212240     
           6 -0.976232741834809     
           7  9.800177855047993E-003
           8  4.032950533142848E-003
           9  0.437285823540560     
          10  3.628681222561135E-002
          11 -0.809374411093630     
          12   2.50606325870363     
           1  0.720110660677293     
           2  0.182715943926276     
           3  0.106687754771557     
           4  0.450880244091413     
           5  0.656538214077891     
           6 -0.976233734511432     
           7  9.800166224635521E-003
           8  6.236697601053682E-003
           9  0.437291545537996     
          10  3.628737554572684E-002
          11 -0.809374226393170     
          12   2.50507299262217     
           1  0.720175782923356     
           2  0.182715607886523     
           3  0.106686664360501     
           4  0.450873211009803     
           5  0.656532112587636     
           6 -0.976234450548553     
           7  9.800162541905067E-003
           8  5.472641479597890E-003
           9  0.437289845866433     
          10  3.628713088782740E-002
          11 -0.809374177469233     
          12   2.50571235255543     
           1  0.720262167993989     
           2  0.182715848189974     
           3  0.106684968520255     
           4  0.450863322244693     
           5  0.656522952612238     
           6 -0.976235521031391     
           7  9.800155372512505E-003
           8  5.311371651923060E-003
           9  0.437289246070182     
          10  3.628714948677142E-002
          11 -0.809374059392545     
          12   2.50507392863206     
           1  0.720204971988745     
           2  0.182716411352055     
           3  0.106686236323093     
           4  0.450867665858155     
           5  0.656527013558384     
           6 -0.976234935014958     
           7  9.800180050875970E-003
           8  6.054876940861618E-003
           9  0.437290850098009     
          10  3.628732255175355E-002
          11 -0.809374418266376     
          12   2.50523865693699     
           1  0.720310807968829     
           2  0.182716023949877     
           3  0.106684091932821     
           4  0.450857333005839     
           5  0.656517517614843     
           6 -0.976236130911893     
           7  9.800153008171381E-003
           8  4.912835186303160E-003
           9  0.437287715921401     
          10  3.628706061497285E-002
          11 -0.809374017387672     
          12   2.50476472216260     
           1  0.720289570103323     
           2  0.182716361616171     
           3  0.106684573508391     
           4  0.450858619462395     
           5  0.656518711312317     
           6 -0.976235935833308     
           7  9.800165755387754E-003
           8  4.622842046527690E-003
           9  0.437286852642505     
          10  3.628702406810835E-002
          11 -0.809374199342471     
          12   2.50473425679236     
           1  0.720349802511531     
           2  0.182715941734451     
           3  0.106683353662367     
           4  0.450853195304163     
           5  0.656513788778402     
           6 -0.976236582483586     
           7  9.800147668078288E-003
           8  4.692595437130657E-003
           9  0.437286822742320     
          10  3.628697955415322E-002
          11 -0.809373935892898     
          12   2.50464074444841     
           1  0.720369380758120     
           2  0.182715326458141     
           3  0.106683027800007     
           4  0.450852205406455     
           5  0.656513123202478     
           6 -0.976236710244556     
           7  9.800141427431196E-003
           8  4.089125477359413E-003
           9  0.437285506174030     
          10  3.628676270613147E-002
          11 -0.809373858373987     
          12   2.50537784042207     
           1  0.720402064829102     
           2  0.182715582898165     
           3  0.106682448401280     
           4  0.450847827639435     
           5  0.656509109130106     
           6 -0.976237142959247     
           7  9.800140616736567E-003
           8  4.044702838621844E-003
           9  0.437285435671905     
          10  3.628681056644417E-002
          11 -0.809373838986252     
          12   2.50513946827224     
           1  0.720394660480558     
           2  0.182715607073238     
           3  0.106682614994484     
           4  0.450848482072705     
           5  0.656509732884632     
           6 -0.976237059369290     
           7  9.800142608340839E-003
           8  3.805426888001855E-003
           9  0.437284829014683     
          10  3.628676185558427E-002
          11 -0.809373869066654     
          12   2.50516077428612     
           1  0.720422442892164     
           2  0.182715523412892     
           3  0.106682017706598     
           4  0.450845882336588     
           5  0.656507290350347     
           6 -0.976237376431205     
           7  9.800134553141604E-003
           8  3.962545586094386E-003
           9  0.437285108114927     
          10  3.628679367882263E-002
          11 -0.809373747682377     
          12   2.50490057335121     
           1  0.720290230733141     
           2  0.182716199062756     
           3  0.106684856189088     
           4  0.450857694241533     
           5  0.656518320374352     
           6 -0.976235915072498     
           7  9.800176036365540E-003
           8  3.841218018560243E-003
           9  0.437284910288485     
          10  3.628678096587686E-002
          11 -0.809374359632375     
          12   2.50561663643415     
           1  0.720412296064572     
           2  0.182715585357476     
           3  0.106682244763800     
           4  0.450846729811002     
           5  0.656508090257204     
           6 -0.976237265732366     
           7  9.800137324410796E-003
           8  4.270824982023656E-003
           9  0.437285719589461     
          10  3.628684423794089E-002
          11 -0.809373788285169     
          12   2.50494764639507     
           1  0.720375843650787     
           2  0.182715986183226     
           3  0.106682996417820     
           4  0.450849675372667     
           5  0.656510754174318     
           6 -0.976236898111996     
           7  9.800153644230706E-003
           8  3.900405343589940E-003
           9  0.437284838899897     
          10  3.628678593664364E-002
          11 -0.809374021562901     
          12   2.50495621553816     
