           1  0.956468695954886     
           2  0.807891791823253     
           3  0.665402060458092     
           4  1.008215284330820E-002
           5   4.50162503094374     
           6 -0.167606772199228     
           7  0.238448392167083     
           8  7.949191169758332E-003
           9  1.361149452189163E-003
          10   3.70258224152420     
          11 -0.854268482292124     
          12   1.33361745077994     
           1  0.926305116075636     
           2  0.810434188018966     
           3  0.627528782862717     
           4  1.003716339921561E-002
           5   4.77932556733105     
           6 -0.129663245250141     
           7  0.211454135607387     
           8  7.971532937468988E-003
           9  1.171915832072731E-003
          10   3.74265422295132     
          11 -0.882335836306118     
          12   1.58383410724255     
           1  0.917819440710553     
           2  0.812591377638395     
           3  0.609251802050037     
           4  1.001281372745020E-002
           5   4.92196834130970     
           6 -0.111867687080586     
           7  0.194001853358528     
           8  7.981831336329041E-003
           9  1.005279552660590E-003
          10   3.76057095292676     
          11 -0.894499494607942     
          12   1.68942766133362     
           1  0.915192427267958     
           2  0.813520273958749     
           3  0.601858866448643     
           4  1.000266804290545E-002
           5   4.97592470211170     
           6 -0.105686946956586     
           7  0.192942921578132     
           8  7.985879131248336E-003
           9  9.565811972711619E-004
          10   4.52682334320376     
          11 -0.898285996989859     
          12   1.71035982703793     
           1  0.916581781970891     
           2  0.812740097423543     
           3  0.604552438194278     
           4  1.000710545743796E-002
           5   4.96127481938940     
           6 -0.105697857596809     
           7  0.177755899194493     
           8  7.999331894125140E-003
           9  8.580965489101845E-004
          10   3.56741527669209     
          11 -0.896467157919410     
          12   1.73836929538328     
           1  0.925780735619753     
           2  0.809001367006451     
           3  0.627450342877437     
           4  1.003878616819989E-002
           5   4.76494362582238     
           6 -0.126490988609146     
           7  0.162658604963529     
           8  8.051405932492272E-003
           9  6.967294615473653E-004
          10   2.63159241563504     
          11 -0.876770572757941     
          12   1.74278306852556     
           1  0.916068945094869     
           2  0.813785589544871     
           3  0.601581720221047     
           4  1.000117108099349E-002
           5   5.00964473667867     
           6 -0.105205024559436     
           7  0.188294093890747     
           8  8.008100923846070E-003
           9  7.352611778155843E-004
          10   17.8781495647921     
          11 -0.878773025426541     
          12   1.65139209785990     
           1  0.917375861370029     
           2  0.812558772039860     
           3  0.608003485389101     
           4  1.001156931521373E-002
           5   4.93210178328235     
           6 -0.109446532840869     
           7  0.181115883397546     
           8  7.997187820964424E-003
           9  8.624100708668699E-004
          10   3.75640554395057     
          11 -0.895340713183533     
          12   1.75042832444047     
           1  0.922632968528108     
           2  0.810388148709053     
           3  0.608966298817955     
           4  1.001780749315538E-002
           5   4.62721203527806     
           6 -0.123538082655081     
           7  0.181567780922286     
           8  8.007029950292113E-003
           9  7.443753442261453E-004
          10   4.39068263481483     
          11 -0.848271407959737     
          12   1.53993032029812     
           1  0.920741558231097     
           2  0.811212066178943     
           3  0.617431061354162     
           4  1.002501272606195E-002
           5   4.85842764338609     
           6 -0.118317367182136     
           7  0.177264280336674     
           8  8.008761311094660E-003
           9  8.004506499653112E-004
          10   3.80465548884809     
          11 -0.889140968066366     
          12   1.71339246477974     
           1  0.915804185931044     
           2  0.813803726458458     
           3  0.600250624921446     
           4  1.000019353208989E-002
           5   5.03080599178497     
           6 -0.100733412839375     
           7  0.178313656285814     
           8  7.998079031096122E-003
           9  7.790576566355133E-004
          10   4.41273734148326     
          11 -0.900439299176489     
          12   1.77825345355271     
