 1    1365.51        294.703        294.150        22.8691        25.2000       0.563093E-01
 1    1365.51        274.877        272.450        27.9550        30.0000       0.563093E-01
 1    1365.51        255.786        251.250        33.7767        33.4500       0.563093E-01
 1    1365.51        237.468        230.700        40.3712        36.4000       0.563093E-01
 1    1365.51        223.390        214.150        46.2238        39.6000       0.563093E-01
 1    1374.02        301.973        304.150        21.7682        24.6500       0.480437E-01
 1    1374.02        281.955        282.300        26.6629        27.7000       0.480437E-01
 1    1374.02        262.657        260.800        32.2779        32.0000       0.480437E-01
 1    1374.02        244.118        239.650        38.6512        35.6000       0.480437E-01
 1    1374.02        229.854        223.200        44.3175        38.3500       0.480437E-01
 1    1374.02        301.973        304.150        21.7682        24.6500       0.480437E-01
 1    1374.02        281.955        282.300        26.6629        27.7000       0.480437E-01
 1    1374.02        262.657        260.800        32.2779        32.0000       0.480437E-01
 1    1374.02        244.118        239.650        38.6512        35.6000       0.480437E-01
 1    1374.02        229.854        223.200        44.3175        38.3500       0.480437E-01
 1    1367.58        296.467        297.900        22.5968        25.8000       0.441911E-01
 1    1367.58        276.593        276.200        27.6357        29.0000       0.441911E-01
 1    1367.58        257.452        254.900        33.4066        33.0000       0.441911E-01
 1    1367.58        239.079        233.600        39.9468        37.0000       0.441911E-01
 1    1367.58        224.956        217.800        45.7537        40.3000       0.441911E-01
 1    1354.68        285.525        288.050        24.3424        25.9000       0.669231E-01
 1    1354.68        265.949        266.950        29.6796        30.0000       0.669231E-01
 1    1354.68        247.129        245.850        35.7724        33.1000       0.669231E-01
 1    1354.68        229.100        225.050        42.6559        37.3000       0.669231E-01
 1    1354.68        215.266        208.800        48.7512        41.1000       0.669231E-01
 1    1352.46        283.653        286.300        24.6547        26.1500       0.658036E-01
 1    1352.46        264.131        264.800        30.0446        29.1000       0.658036E-01
 1    1352.46        245.368        244.000        36.1940        34.5000       0.658036E-01
 1    1352.46        227.399        223.100        43.1378        37.7000       0.658036E-01
 1    1352.46        213.615        207.200        49.2836        41.3500       0.658036E-01
 1    1341.47        274.443        273.400        26.2542        27.7500       0.686933E-01
 1    1341.47        255.187        252.100        31.9103        31.3500       0.686933E-01
 1    1341.47        236.710        231.450        38.3457        34.8000       0.686933E-01
 1    1341.47        219.045        211.150        45.5931        40.1500       0.686933E-01
 1    1341.47        205.514        195.550        51.9929        44.1000       0.686933E-01
 1    1341.45        274.427        274.200        26.2572        26.8000       0.990376E-01
 1    1341.45        255.171        252.900        31.9138        30.3000       0.990376E-01
 1    1341.45        236.694        231.950        38.3497        34.3000       0.990376E-01
 1    1341.45        219.030        211.500        45.5976        38.7500       0.990376E-01
 1    1341.45        205.500        195.400        51.9980        42.8000       0.990376E-01
 1    1334.76        268.865        267.300        27.2756        27.9000       0.914951E-01
 1    1334.76        249.776        246.100        33.0990        35.0000       0.914951E-01
 1    1334.76        231.478        225.500        39.7135        36.3500       0.914951E-01
 1    1334.76        214.002        205.250        47.1504        40.1500       0.914951E-01
 1    1334.76        200.630        189.450        53.7085        44.5000       0.914951E-01
 1    1356.78        287.298        286.350        24.0503        23.4500       0.156371    
 1    1356.78        267.673        264.400        29.3380        27.2400       0.156371    
 1    1356.78        248.800        243.250        35.3775        31.2000       0.156371    
 1    1356.78        230.714        222.450        42.2043        34.3500       0.156371    
 1    1356.78        216.832        205.750        48.2521        37.9000       0.156371    
 1    1353.64        284.648        281.500        24.4883        23.6500       0.185888    
 1    1353.64        265.097        259.800        29.8501        26.7500       0.185888    
 1    1353.64        246.303        238.500        35.9694        30.5500       0.185888    
 1    1353.64        228.303        217.750        42.8810        34.7000       0.185888    
 1    1353.64        214.492        201.750        49.0000        38.4000       0.185888    
 1    1363.67        293.138        290.200        23.1137        21.3000       0.272303    
 1    1363.67        273.353        268.400        28.2416        25.8500       0.272303    
 1    1363.67        254.308        246.700        34.1087        27.8500       0.272303    
 1    1363.67        236.039        225.600        40.7517        31.6000       0.272303    
 1    1363.67        222.002        208.750        46.6451        34.8500       0.272303    
 1    1372.78        300.910        298.300        21.9256        20.4500       0.281739    
 1    1372.78        280.920        276.250        26.8478        23.2000       0.281739    
 1    1372.78        261.652        254.550        32.4925        26.6500       0.281739    
 1    1372.78        243.145        233.400        38.8978        30.0000       0.281739    
 1    1372.78        228.908        216.500        44.5910        33.5000       0.281739    
 1    1376.51        304.109        301.750        21.4553        19.6500       0.297228    
 1    1376.51        284.036        279.650        26.2951        22.6900       0.297228    
 1    1376.51        264.679        258.100        31.8505        25.5500       0.297228    
 1    1376.51        246.076        236.550        38.1602        30.0000       0.297228    
 1    1376.51        231.759        219.800        43.7727        32.4000       0.297228    
 1    1362.66        292.280        291.200        23.2489        22.4000       0.209130    
 1    1362.66        272.518        269.600        28.4000        24.3900       0.209130    
 1    1362.66        253.498        247.950        34.2922        29.0000       0.209130    
 1    1362.66        235.255        227.000        40.9619        32.9000       0.209130    
 1    1362.66        221.241        210.700        46.8777        36.4000       0.209130    
 1    1350.52        282.021        280.300        24.9306        25.5000       0.910932E-01
 1    1350.52        262.545        258.850        30.3668        29.0000       0.910932E-01
 1    1350.52        243.831        237.700        36.5660        33.5000       0.910932E-01
 1    1350.52        225.916        217.100        43.5627        37.2000       0.910932E-01
 1    1350.52        212.176        200.750        49.7529        41.0500       0.910932E-01
 1    1338.31        271.812        269.950        26.7309        28.4500       0.600108E-01
 1    1338.31        252.634        247.850        32.4654        30.8600       0.600108E-01
 1    1338.31        234.241        227.150        38.9846        36.5000       0.600108E-01
 1    1338.31        216.664        206.950        46.3209        41.2500       0.600108E-01
 1    1338.31        203.208        190.850        52.7950        45.4500       0.600108E-01
