 1    1365.51        309.586        294.150        25.1898        25.2000       0.120091    
 1    1365.51        289.752        272.450        30.3211        30.0000       0.120091    
 1    1365.51        270.606        251.250        36.1403        33.4500       0.120091    
 1    1365.51        252.181        230.700        42.6808        36.4000       0.120091    
 1    1365.51        237.979        214.150        48.4515        39.6000       0.120091    
 1    1374.02        316.942        304.150        24.0836        24.6500       0.103217    
 1    1374.02        296.929        282.300        29.0359        27.7000       0.103217    
 1    1374.02        277.590        260.800        34.6620        32.0000       0.103217    
 1    1374.02        258.959        239.650        40.9961        35.6000       0.103217    
 1    1374.02        244.583        223.200        46.5930        38.3500       0.103217    
 1    1374.02        316.942        304.150        24.0836        24.6500       0.103217    
 1    1374.02        296.929        282.300        29.0359        27.7000       0.103217    
 1    1374.02        277.590        260.800        34.6620        32.0000       0.103217    
 1    1374.02        258.959        239.650        40.9961        35.6000       0.103217    
 1    1374.02        244.583        223.200        46.5930        38.3500       0.103217    
 1    1367.58        311.371        297.900        24.9165        25.8000       0.934053E-01
 1    1367.58        291.493        276.200        30.0038        29.0000       0.934053E-01
 1    1367.58        272.299        254.900        35.7756        33.0000       0.934053E-01
 1    1367.58        253.824        233.600        42.2654        37.0000       0.934053E-01
 1    1367.58        239.579        217.800        47.9935        40.3000       0.934053E-01
 1    1354.68        300.292        288.050        26.6653        25.9000       0.152451    
 1    1354.68        280.693        266.950        32.0318        30.0000       0.152451    
 1    1354.68        261.799        245.850        38.1040        33.1000       0.152451    
 1    1354.68        243.644        225.050        44.9141        37.3000       0.152451    
 1    1354.68        229.669        208.800        50.9113        41.1000       0.152451    
 1    1352.46        298.396        286.300        26.9774        26.1500       0.154399    
 1    1352.46        278.846        264.800        32.3931        29.1000       0.154399    
 1    1352.46        260.006        244.000        38.5182        34.5000       0.154399    
 1    1352.46        241.907        223.100        45.3845        37.7000       0.154399    
 1    1352.46        227.979        207.200        51.4290        41.3500       0.154399    
 1    1341.47        289.062        273.400        28.5724        27.7500       0.166293    
 1    1341.47        269.761        252.100        34.2370        31.3500       0.166293    
 1    1341.47        251.188        231.450        40.6289        34.8000       0.166293    
 1    1341.47        233.372        211.150        47.7785        40.1500       0.166293    
 1    1341.47        219.682        195.550        54.0603        44.1000       0.166293    
 1    1341.45        289.045        274.200        28.5754        26.8000       0.219345    
 1    1341.45        269.745        252.900        34.2404        30.3000       0.219345    
 1    1341.45        251.172        231.950        40.6329        34.3000       0.219345    
 1    1341.45        233.357        211.500        47.7830        38.7500       0.219345    
 1    1341.45        219.667        195.400        54.0652        42.8000       0.219345    
 1    1334.76        283.405        267.300        29.5882        27.9000       0.190650    
 1    1334.76        264.261        246.100        35.4090        35.0000       0.190650    
 1    1334.76        245.854        225.500        41.9681        36.3500       0.190650    
 1    1334.76        228.216        205.250        49.2946        40.1500       0.190650    
 1    1334.76        214.673        189.450        55.7243        44.5000       0.190650    
 1    1356.78        302.088        286.350        26.3731        23.4500       0.322498    
 1    1356.78        282.443        264.400        31.6933        27.2400       0.322498    
 1    1356.78        263.500        243.250        37.7159        31.2000       0.322498    
 1    1356.78        245.291        222.450        44.4730        34.3500       0.322498    
 1    1356.78        231.272        205.750        50.4259        37.9000       0.322498    
 1    1353.64        299.403        281.500        26.8111        23.6500       0.374611    
 1    1353.64        279.827        259.800        32.2006        26.7500       0.374611    
 1    1353.64        260.959        238.500        38.2975        30.5500       0.374611    
 1    1353.64        242.830        217.750        45.1339        34.7000       0.374611    
 1    1353.64        228.877        201.750        51.1533        38.4000       0.374611    
 1    1363.67        308.001        290.200        25.4351        21.3000       0.507895    
 1    1363.67        288.207        268.400        30.6058        25.8500       0.507895    
 1    1363.67        269.103        246.700        36.4674        27.8500       0.507895    
 1    1363.67        250.723        225.600        43.0531        31.6000       0.507895    
 1    1363.67        236.560        208.750        48.8618        34.8500       0.507895    
 1    1372.78        315.868        298.300        24.2419        20.4500       0.539071    
 1    1372.78        295.880        276.250        29.2200        23.2000       0.539071    
 1    1372.78        276.569        254.550        34.8739        26.6500       0.539071    
 1    1372.78        257.967        233.400        41.2378        30.0000       0.539071    
 1    1372.78        243.617        216.500        46.8598        33.5000       0.539071    
 1    1376.51        319.103        301.750        23.7685        19.6500       0.570190    
 1    1376.51        299.039        279.650        28.6694        22.6900       0.570190    
 1    1376.51        279.644        258.100        34.2399        25.5500       0.570190    
 1    1376.51        260.953        236.550        40.5146        30.0000       0.570190    
 1    1376.51        246.528        219.800        46.0613        32.4000       0.570190    
 1    1362.66        307.133        291.200        25.5706        22.4000       0.416928    
 1    1362.66        287.360        269.600        30.7630        24.3900       0.416928    
 1    1362.66        268.279        247.950        36.6480        29.0000       0.416928    
 1    1362.66        249.924        227.000        43.2586        32.9000       0.416928    
 1    1362.66        235.782        210.700        49.0884        36.4000       0.416928    
 1    1350.52        296.742        280.300        27.2529        25.5000       0.214110    
 1    1350.52        277.236        258.850        32.7119        29.0000       0.214110    
 1    1350.52        258.442        237.700        38.8835        33.5000       0.214110    
 1    1350.52        240.392        217.100        45.7992        37.2000       0.214110    
 1    1350.52        226.506        200.750        51.8851        41.0500       0.214110    
 1    1338.31        286.394        269.950        29.0468        28.4500       0.158465    
 1    1338.31        267.167        247.850        34.7845        30.8600       0.158465    
 1    1338.31        248.671        227.150        41.2547        36.5000       0.158465    
 1    1338.31        230.938        206.950        48.4873        41.2500       0.158465    
 1    1338.31        217.317        190.850        54.8385        45.4500       0.158465    
