   317.098   294.150   296.861   272.450   277.274   251.250   258.381   230.700   243.793   214.150
   324.602   304.150   304.197   282.300   284.426   260.800   265.334   239.650   250.575   223.200
   324.602   304.150   304.197   282.300   284.426   260.800   265.334   239.650   250.575   223.200
   318.920   297.900   298.641   276.200   279.009   254.900   260.067   233.600   245.437   217.800
   307.612   288.050   287.595   266.950   268.251   245.850   249.620   225.050   235.256   208.800
   305.676   286.300   285.706   264.800   266.412   244.000   247.837   223.100   233.519   207.200
   296.141   273.400   276.406   252.100   257.370   231.450   239.072   211.150   224.991   195.550
   296.123   274.200   276.390   252.900   257.354   231.950   239.056   211.500   224.975   195.400
   290.358   267.300   270.773   246.100   251.898   225.500   233.775   205.250   219.841   189.450
   309.445   286.350   289.385   264.400   269.993   243.250   251.311   222.450   236.903   205.750
   306.704   281.500   286.710   259.800   267.389   238.500   248.784   217.750   234.442   201.750
   315.481   290.200   295.281   268.400   275.734   246.700   256.886   225.600   242.335   208.750
   323.506   298.300   303.125   276.250   283.381   254.550   264.317   233.400   249.583   216.500
   326.806   301.750   306.353   279.650   286.529   258.100   267.379   236.550   252.572   219.800
   314.595   291.200   294.415   269.600   274.891   247.950   256.066   227.000   241.536   210.700
   303.987   280.300   284.058   258.850   264.809   237.700   246.282   217.100   232.005   200.750
   293.414   269.950   273.749   247.850   254.788   227.150   236.572   206.950   222.560   190.850
   293.052   271.100   273.397   249.800   254.446   228.950   236.241   208.550   222.238   193.800
