           1  0.720176685066262     
           2  0.182715129104048     
           3  0.106686419491147     
           4  0.450875155003140     
           5  0.656533711864870     
           6 -0.976234367290139     
           7  9.800143912131000E-003
           8  1.853584542190934E-002
           9  0.437335591029506     
          10  3.629064619621111E-002
          11 -0.809373929716116     
          12   1.50760283133310     
           1  0.720103551865710     
           2  0.182714946730757     
           3  0.106687818169341     
           4  0.450883646785499     
           5  0.656541519222117     
           6 -0.976233465908519     
           7  9.800149929095326E-003
           8  1.981360822276355E-002
           9  0.437339753214190     
          10  3.629090756638081E-002
          11 -0.809374029773766     
          12   1.50828718000760     
           1  0.720022303261257     
           2  0.182715060720490     
           3  0.106689319121694     
           4  0.450892600322744     
           5  0.656549577743969     
           6 -0.976232517606754     
           7  9.800160718870275E-003
           8  1.919003234349021E-002
           9  0.437337702436576     
          10  3.629072425380087E-002
          11 -0.809374195276918     
          12   1.50877059944616     
           1  0.719975215874943     
           2  0.182715076117169     
           3  0.106690185834247     
           4  0.450897927684546     
           5  0.656554379403286     
           6 -0.976231959061405     
           7  9.800165662433169E-003
           8  2.013398055584978E-002
           9  0.437340874570904     
          10  3.629094472895614E-002
          11 -0.809374273618994     
          12   1.50913062365590     
           1  0.719944480358255     
           2  0.182715626806068     
           3  0.106690659049211     
           4  0.450900503870677     
           5  0.656556398310370     
           6 -0.976231688332613     
           7  9.800168670466024E-003
           8  2.074930586881505E-002
           9  0.437342796663706     
          10  3.629123715497678E-002
          11 -0.809374309503701     
          12   1.50841671816977     
           1  0.719890619241039     
           2  0.182715556081584     
           3  0.106691668267822     
           4  0.450906725040741     
           5  0.656562060705967     
           6 -0.976231034487983     
           7  9.800174505786994E-003
           8  2.153354737239492E-002
           9  0.437345459694403     
          10  3.629139829988261E-002
          11 -0.809374403415902     
          12   1.50892838604991     
           1  0.719892588802070     
           2  0.182715582911987     
           3  0.106691615498178     
           4  0.450906512320565     
           5  0.656561831934214     
           6 -0.976231062319142     
           7  9.800174877283550E-003
           8  2.157937093325674E-002
           9  0.437345717009886     
          10  3.629142262038609E-002
          11 -0.809374408359550     
          12   1.50889704410311     
           1  0.719907009359127     
           2  0.182716132133557     
           3  0.106691250042111     
           4  0.450903957230470     
           5  0.656559213889286     
           6 -0.976231328294641     
           7  9.800177079213063E-003
           8  2.112416843549506E-002
           9  0.437344093755216     
          10  3.629147490497014E-002
          11 -0.809374426776356     
          12   1.50775752748672     
           1  0.719916407170959     
           2  0.182715669557945     
           3  0.106691160965701     
           4  0.450903675600524     
           5  0.656559220146074     
           6 -0.976231360570833     
           7  9.800172463925333E-003
           8  2.116429302093885E-002
           9  0.437344310056933     
          10  3.629133981297546E-002
          11 -0.809374368139927     
          12   1.50862676631824     
           1  0.719925866002443     
           2  0.182715688170351     
           3  0.106690966839674     
           4  0.450902640859100     
           5  0.656558245919023     
           6 -0.976231476663417     
           7  9.800171894424354E-003
           8  2.086129664399004E-002
           9  0.437343439702445     
          10  3.629127983281523E-002
          11 -0.809374358404815     
          12   1.50852726144244     
           1  0.719934456928902     
           2  0.182715702039593     
           3  0.106690804000847     
           4  0.450901647993261     
           5  0.656557338293202     
           6 -0.976231581610350     
           7  9.800170847297221E-003
           8  2.061739209525812E-002
           9  0.437342642308021     
          10  3.629122711662865E-002
          11 -0.809374341618020     
          12   1.50842988948571     
           1  0.719980545436677     
           2  0.182715781889586     
           3  0.106689928716846     
           4  0.450896334448723     
           5  0.656552474783461     
           6 -0.976232144571746     
           7  9.800167443404686E-003
           8  1.972724288385879E-002
           9  0.437339730134835     
          10  3.629103955869326E-002
          11 -0.809374284895134     
          12   1.50799169719101     
           1  0.720042868845118     
           2  0.182715829073386     
           3  0.106688738936308     
           4  0.450889303430890     
           5  0.656546044402930     
           6 -0.976232895818561     
           7  9.800159728342606E-003
           8  1.848919173457688E-002
           9  0.437335818660939     
          10  3.629078591759703E-002
          11 -0.809374162768069     
          12   1.50741751606602     
           1  0.720127322040755     
           2  0.182715914512517     
           3  0.106687135068243     
           4  0.450879703090842     
           5  0.656537272072451     
           6 -0.976233917031512     
           7  9.800145291339121E-003
           8  1.882598851121245E-002
           9  0.437336961560194     
          10  3.629094559736130E-002
          11 -0.809373938824759     
          12   1.50662871496682     
           1  0.720182641474246     
           2  0.182715004307110     
           3  0.106686260060544     
           4  0.450874948350790     
           5  0.656533472968224     
           6 -0.976234419159659     
           7  9.800142535326224E-003
           8  1.766040770904695E-002
           9  0.437333351315507     
          10  3.629046301818700E-002
          11 -0.809373911010014     
          12   1.50759627752868     
           1  0.720159400568074     
           2  0.182715242923677     
           3  0.106686658413479     
           4  0.450877153553102     
           5  0.656535348341064     
           6 -0.976234182406190     
           7  9.800141061835044E-003
           8  2.106977473773703E-002
           9  0.437344319823418     
          10  3.629136638175207E-002
          11 -0.809373887718591     
          12   1.50736777538184     
           1  0.720290005934895     
           2  0.182715239251702     
           3  0.106684231923617     
           4  0.450862445415314     
           5  0.656522031855091     
           6 -0.976235737249555     
           7  9.800129153437552E-003
           8  1.709095720961904E-002
           9  0.437331285746447     
          10  3.629039867328539E-002
          11 -0.809373697760351     
          12   1.50657701374266     
           1  0.720342990705423     
           2  0.182715431567347     
           3  0.106683223452252     
           4  0.450856144668524     
           5  0.656516232126442     
           6 -0.976236400291675     
           7  9.800122728882114E-003
           8  1.610359611173572E-002
           9  0.437327923310010     
          10  3.629019025927831E-002
          11 -0.809373593786073     
          12   1.50604138521623     
           1  0.720358483251012     
           2  0.182715480444007     
           3  0.106682935497347     
           4  0.450854290181201     
           5  0.656514539494928     
           6 -0.976236593061551     
           7  9.800120830164176E-003
           8  1.571379233912317E-002
           9  0.437326564986549     
          10  3.629009779127072E-002
          11 -0.809373563209895     
          12   1.50589533495180     
           1  0.720328467172234     
           2  0.182715369511534     
           3  0.106683515761160     
           4  0.450857825572562     
           5  0.656517810538811     
           6 -0.976236217440161     
           7  9.800124836933717E-003
           8  1.601516328567567E-002
           9  0.437327559776441     
          10  3.629014288275297E-002
          11 -0.809373627451434     
          12   1.50619933911816     
           1  0.720328531317630     
           2  0.182716707985734     
           3  0.106683300831552     
           4  0.450855681031933     
           5  0.656515130487170     
           6 -0.976236446226060     
           7  9.800111266843369E-003
           8  1.616223685388320E-002
           9  0.437327708666987     
          10  3.629040287434833E-002
          11 -0.809373403238912     
          12   1.50470215400775     
           1  0.720299446627697     
           2  0.182716455789978     
           3  0.106683888695978     
           4  0.450859303972708     
           5  0.656518566431249     
           6 -0.976236058877901     
           7  9.800117645619555E-003
           8  1.644220791178935E-002
           9  0.437328616970756     
          10  3.629043323546492E-002
          11 -0.809373504006751     
          12   1.50505577649708     
           1  0.720191311703860     
           2  0.182716327097922     
           3  0.106685927875244     
           4  0.450871622347159     
           5  0.656529812713436     
           6 -0.976234750934960     
           7  9.800131885306306E-003
           8  1.975622620649146E-002
           9  0.437339385265118     
          10  3.629122997585149E-002
          11 -0.809373727217379     
          12   1.50571377478460     
           1  0.720228191634795     
           2  0.182715994180383     
           3  0.106685288778135     
           4  0.450868027796907     
           5  0.656526729076441     
           6 -0.976235135200519     
           7  9.800136692255369E-003
           8  1.561629960011441E-002
           9  0.437326046449914     
          10  3.629013417812858E-002
          11 -0.809373799865016     
          12   1.50590207112375     
           1  0.720190944703304     
           2  0.182715843961723     
           3  0.106686003160501     
           4  0.450872467800253     
           5  0.656530829611389     
           6 -0.976234666855864     
           7  9.800142517902247E-003
           8  1.601227645328635E-002
           9  0.437327407098819     
          10  3.629020081817887E-002
          11 -0.809373892517613     
          12   1.50627402505463     
           1  0.720158359314041     
           2  0.182715696470736     
           3  0.106686640699330     
           4  0.450876334519701     
           5  0.656534427779413     
           6 -0.976234254083798     
           7  9.800145781819701E-003
           8  1.645710113123661E-002
           9  0.437328833607384     
          10  3.629027807264468E-002
          11 -0.809373946596097     
          12   1.50660669332690     
           1  0.720119254317760     
           2  0.182715684776841     
           3  0.106687369128513     
           4  0.450880738181387     
           5  0.656538424465113     
           6 -0.976233787334920     
           7  9.800149874548258E-003
           8  1.663526979388795E-002
           9  0.437329417456181     
          10  3.629032559438924E-002
          11 -0.809374010383673     
          12   1.50675354808016     
           1  0.720082519845458     
           2  0.182715507662554     
           3  0.106688090572567     
           4  0.450885120066898     
           5  0.656542507905292     
           6 -0.976233319742879     
           7  9.800152948958675E-003
           8  1.708285648830124E-002
           9  0.437330851406741     
          10  3.629039145175963E-002
          11 -0.809374062938131     
          12   1.50717740625944     
           1  0.720026626849952     
           2  0.182715352508932     
           3  0.106689174073912     
           4  0.450891569845586     
           5  0.656548471396265     
           6 -0.976232628256014     
           7  9.800154478639737E-003
           8  1.596425253570202E-002
           9  0.437327117223131     
          10  3.629006066524708E-002
          11 -0.809374092333432     
          12   1.50762738155929     
           1  0.719925817679216     
           2  0.182715985271815     
           3  0.106690946216602     
           4  0.450901824202911     
           5  0.656557419925285     
           6 -0.976231542260713     
           7  9.800156971581561E-003
           8  1.768629902416595E-002
           9  0.437332545873413     
          10  3.629066352370008E-002
          11 -0.809374123133734     
          12   1.50702218237142     
           1  0.719803736035644     
           2  0.182716001825900     
           3  0.106693224240230     
           4  0.450915537573367     
           5  0.656569845340786     
           6 -0.976230090214794     
           7  9.800170980459022E-003
           8  1.674405000665327E-002
           9  0.437329492866751     
          10  3.629037692154362E-002
          11 -0.809374342005599     
          12   1.50780145372163     
           1  0.719744712892158     
           2  0.182715901996505     
           3  0.106694336969948     
           4  0.450922381031898     
           5  0.656576092339023     
           6 -0.976229369296498     
           7  9.800174408949619E-003
           8  1.761826320507075E-002
           9  0.437332418414597     
          10  3.629055504413498E-002
          11 -0.809374401068260     
          12   1.50833995528278     
           1  0.719672669777228     
           2  0.182715863285147     
           3  0.106695682974074     
           4  0.450930622801242     
           5  0.656583568525537     
           6 -0.976228502645910     
           7  9.800180569235612E-003
           8  1.876920612460850E-002
           9  0.437336263256237     
          10  3.629079025130696E-002
          11 -0.809374501889653     
          12   1.50902117764065     
           1  0.719643069976617     
           2  0.182715866838647     
           3  0.106696223570723     
           4  0.450934023270242     
           5  0.656586625054588     
           6 -0.976228149723317     
           7  9.800183821099441E-003
           8  1.920611039196141E-002
           9  0.437337797513752     
          10  3.629088278003926E-002
          11 -0.809374553921822     
          12   1.50930680544311     
           1  0.719647734726125     
           2  0.182715910864653     
           3  0.106696126272181     
           4  0.450933452331848     
           5  0.656586075879814     
           6 -0.976228212321291     
           7  9.800185458286479E-003
           8  1.931545856724047E-002
           9  0.437338189011703     
          10  3.629091387568588E-002
          11 -0.809374577528369     
          12   1.50929009944264     
           1  0.719671951588294     
           2  0.182715997061155     
           3  0.106695661389440     
           4  0.450930588394338     
           5  0.656583433296068     
           6 -0.976228515341404     
           7  9.800186854409216E-003
           8  1.920477806799539E-002
           9  0.437337822306376     
          10  3.629090368094359E-002
          11 -0.809374594766770     
          12   1.50908554997353     
           1  0.719713746279348     
           2  0.182716088006729     
           3  0.106694863153401     
           4  0.450925736802289     
           5  0.656578981952640     
           6 -0.976229029321869     
           7  9.800185618107185E-003
           8  1.865918542868013E-002
           9  0.437336035583066     
          10  3.629080499506906E-002
          11 -0.809374570368871     
          12   1.50867313049030     
           1  0.719697538226644     
           2  0.182716076198009     
           3  0.106695168170703     
           4  0.450927591149387     
           5  0.656580667947203     
           6 -0.976228833814185     
           7  9.800187098246645E-003
           8  1.889639910333540E-002
           9  0.437336824886777     
          10  3.629084909846881E-002
          11 -0.809374594550723     
          12   1.50883877174667     
           1  0.719702733292808     
           2  0.182716070746442     
           3  0.106695074398663     
           4  0.450926997214235     
           5  0.656580137771175     
           6 -0.976228895251502     
           7  9.800186401988114E-003
           8  1.868276972001868E-002
           9  0.437336108972460     
          10  3.629079931767977E-002
          11 -0.809374583558490     
          12   1.50877393472799     
           1  0.719665521257336     
           2  0.182715949632559     
           3  0.106695787995286     
           4  0.450931381910413     
           5  0.656584177693817     
           6 -0.976228431575860     
           7  9.800185790496293E-003
           8  1.884446672984008E-002
           9  0.437336685312337     
          10  3.629081166181468E-002
          11 -0.809374580147135     
          12   1.50910443689584     
           1  0.719631271122131     
           2  0.182715836814425     
           3  0.106696449490162     
           4  0.450935406007840     
           5  0.656587893426208     
           6 -0.976228004398264     
           7  9.800185034423661E-003
           8  1.893194178900558E-002
           9  0.437336984031292     
          10  3.629080091765987E-002
          11 -0.809374574250552     
          12   1.50942632679943     
           1  0.719616458332535     
           2  0.182715784481932     
           3  0.106696731988242     
           4  0.450937165059921     
           5  0.656589512556992     
           6 -0.976227819562713     
           7  9.800184567686636E-003
           8  1.871948722366715E-002
           9  0.437336324737167     
          10  3.629073661138139E-002
          11 -0.809374569561609     
          12   1.50953586516034     
           1  0.719652566306875     
           2  0.182715732084956     
           3  0.106696034229914     
           4  0.450933280007723     
           5  0.656585968692376     
           6 -0.976228242716343     
           7  9.800180028666840E-003
           8  1.790912897439879E-002
           9  0.437333911325685     
          10  3.629057566919454E-002
          11 -0.809374498296254     
          12   1.50918735589236     
           1  0.719703147076131     
           2  0.182715790440362     
           3  0.106695076561788     
           4  0.450927484071742     
           5  0.656580679545714     
           6 -0.976228856626877     
           7  9.800178536267776E-003
           8  1.705958873335420E-002
           9  0.437331106003652     
          10  3.629039927667436E-002
          11 -0.809374469515152     
          12   1.50871393411013     
           1  0.719746341163845     
           2  0.182715878655748     
           3  0.106694266025070     
           4  0.450922429206430     
           5  0.656576068521460     
           6 -0.976229386646191     
           7  9.800178315495291E-003
           8  1.655578987431847E-002
           9  0.437329296123989     
          10  3.629029420222521E-002
          11 -0.809374460480530     
          12   1.50833630563211     
           1  0.719849580725729     
           2  0.182715906108000     
           3  0.106692331920438     
           4  0.450910755287978     
           5  0.656565468979462     
           6 -0.976230622020423     
           7  9.800172104812941E-003
           8  1.713366442932705E-002
           9  0.437331165187703     
          10  3.629049805428401E-002
          11 -0.809374357854309     
          12   1.50759808948449     
           1  0.719917777893940     
           2  0.182716028637929     
           3  0.106691063922535     
           4  0.450902805593601     
           5  0.656558234889151     
           6 -0.976231454565265     
           7  9.800170937830749E-003
           8  1.713543201977863E-002
           9  0.437330945000704     
          10  3.629050595406984E-002
          11 -0.809374333300631     
          12   1.50719064896025     
           1  0.719943174162633     
           2  0.182716111543208     
           3  0.106690600575746     
           4  0.450899725157680     
           5  0.656555437703633     
           6 -0.976231770629822     
           7  9.800171390132619E-003
           8  1.726642438500729E-002
           9  0.437331161519480     
          10  3.629053823418097E-002
          11 -0.809374336712856     
          12   1.50701517429521     
           1  0.719936803913566     
           2  0.182716143726195     
           3  0.106690700182608     
           4  0.450900462269658     
           5  0.656556061516013     
           6 -0.976231699316229     
           7  9.800173126829253E-003
           8  1.765286400344900E-002
           9  0.437332552603688     
          10  3.629064340054279E-002
          11 -0.809374363180298     
          12   1.50707860041821     
           1  0.719949717590383     
           2  0.182716239359002     
           3  0.106690435427852     
           4  0.450898902897215     
           5  0.656554579142806     
           6 -0.976231868695562     
           7  9.800172626520290E-003
           8  1.776988586809694E-002
           9  0.437333000224680     
          10  3.629069302961497E-002
          11 -0.809374353182780     
          12   1.50694823787024     
           1  0.719987880932659     
           2  0.182715445947476     
           3  0.106689848374112     
           4  0.450895990764546     
           5  0.656552357638909     
           6 -0.976232181128498     
           7  9.800168401615338E-003
           8  1.676509906986930E-002
           9  0.437330039554262     
          10  3.629023587499189E-002
          11 -0.809374304953572     
          12   1.50807547053463     
           1  0.720067295545510     
           2  0.182715481413783     
           3  0.106688323422126     
           4  0.450887119204675     
           5  0.656544234583620     
           6 -0.976233134054537     
           7  9.800158896599701E-003
           8  1.689553622936922E-002
           9  0.437330761998459     
          10  3.629036261429211E-002
          11 -0.809374154422167     
          12   1.50736252491760     
           1  0.720160109456614     
           2  0.182715137704128     
           3  0.106686643376191     
           4  0.450877299755575     
           5  0.656535506696208     
           6 -0.976234179495842     
           7  9.800148588089166E-003
           8  1.637381147024181E-002
           9  0.437329228859206     
          10  3.629017330627255E-002
          11 -0.809374000802660     
          12   1.50739451056966     
           1  0.720246712103000     
           2  0.182715347370502     
           3  0.106684994181409     
           4  0.450867231927517     
           5  0.656526262485845     
           6 -0.976235247835509     
           7  9.800144505851314E-003
           8  1.439454895722901E-002
           9  0.437322747055925     
          10  3.628972993386441E-002
          11 -0.809373928166740     
          12   1.50665382607976     
           1  0.720275893198977     
           2  0.182715488718532     
           3  0.106684435282456     
           4  0.450863691255405     
           5  0.656522988328804     
           6 -0.976235620141465     
           7  9.800141028229552E-003
           8  1.440560201543176E-002
           9  0.437322666945548     
          10  3.628976089068044E-002
          11 -0.809373871209655     
          12   1.50630191518319     
           1  0.720301030770547     
           2  0.182715498426010     
           3  0.106683980359855     
           4  0.450860783456566     
           5  0.656520374027650     
           6 -0.976235922242594     
           7  9.800139421435457E-003
           8  1.387331691795028E-002
           9  0.437320784390627     
          10  3.628962314236645E-002
          11 -0.809373844952557     
          12   1.50612914950628     
           1  0.720327264456309     
           2  0.182715545345645     
           3  0.106683488638694     
           4  0.450857732451363     
           5  0.656517591601370     
           6 -0.976236243967610     
           7  9.800138122129961E-003
           8  1.299041275022774E-002
           9  0.437317834984573     
          10  3.628941069645195E-002
          11 -0.809373822113425     
          12   1.50590107968864     
           1  0.720336264665786     
           2  0.182715352865427     
           3  0.106683360669986     
           4  0.450856989819936     
           5  0.656517040777350     
           6 -0.976236318763025     
           7  9.800137555847162E-003
           8  1.270254786333866E-002
           9  0.437316848704891     
          10  3.628929951443923E-002
          11 -0.809373816534782     
          12   1.50605211032431     
           1  0.720338304589671     
           2  0.182715024753916     
           3  0.106683379192856     
           4  0.450857289954335     
           5  0.656517497678774     
           6 -0.976236286207950     
           7  9.800137649240086E-003
           8  1.223613231641097E-002
           9  0.437315383973370     
          10  3.628910840002071E-002
          11 -0.809373824471256     
          12   1.50647476615651     
           1  0.720404649990369     
           2  0.182715165591527     
           3  0.106682103540660     
           4  0.450849673210889     
           5  0.656510486597260     
           6 -0.976237101021011     
           7  9.800128681431299E-003
           8  1.113798911145178E-002
           9  0.437311890987825     
          10  3.628888740373278E-002
          11 -0.809373682309386     
          12   1.50592737231545     
