 1    1365.51        296.936        294.150        21.0271        25.2000       0.652777E-01
 1    1365.51        276.830        272.450        25.8580        30.0000       0.652777E-01
 1    1365.51        257.453        251.250        31.4186        33.4500       0.652777E-01
 1    1365.51        238.847        230.700        37.7498        36.4000       0.652777E-01
 1    1365.51        224.540        214.150        43.3927        39.6000       0.652777E-01
 1    1374.02        304.293        304.150        19.9816        24.6500       0.614164E-01
 1    1374.02        283.997        282.300        24.6235        27.7000       0.614164E-01
 1    1374.02        264.415        260.800        29.9786        32.0000       0.614164E-01
 1    1374.02        245.588        239.650        36.0889        35.6000       0.614164E-01
 1    1374.02        231.094        223.200        41.5450        38.3500       0.614164E-01
 1    1374.02        304.293        304.150        19.9816        24.6500       0.614164E-01
 1    1374.02        283.997        282.300        24.6235        27.7000       0.614164E-01
 1    1374.02        264.415        260.800        29.9786        32.0000       0.614164E-01
 1    1374.02        245.588        239.650        36.0889        35.6000       0.614164E-01
 1    1374.02        231.094        223.200        41.5450        38.3500       0.614164E-01
 1    1367.58        298.721        297.900        20.7684        25.8000       0.626644E-01
 1    1367.58        278.568        276.200        25.5527        29.0000       0.626644E-01
 1    1367.58        259.141        254.900        31.0628        33.0000       0.626644E-01
 1    1367.58        240.481        233.600        37.3398        37.0000       0.626644E-01
 1    1367.58        226.128        217.800        42.9369        40.3000       0.626644E-01
 1    1354.68        287.645        288.050        22.4290        25.9000       0.453206E-01
 1    1354.68        267.787        266.950        27.5086        30.0000       0.453206E-01
 1    1354.68        248.681        245.850        33.3390        33.1000       0.453206E-01
 1    1354.68        230.364        225.050        39.9594        37.3000       0.453206E-01
 1    1354.68        216.301        208.800        45.8462        41.1000       0.453206E-01
 1    1352.46        285.751        286.300        22.7265        26.1500       0.414320E-01
 1    1352.46        265.945        264.800        27.8583        29.1000       0.414320E-01
 1    1352.46        246.895        244.000        33.7452        34.5000       0.414320E-01
 1    1352.46        228.638        223.100        40.4259        37.7000       0.414320E-01
 1    1352.46        214.626        207.200        46.3636        41.3500       0.414320E-01
 1    1341.47        276.426        273.400        24.2522        27.7500       0.426312E-01
 1    1341.47        256.884        252.100        29.6483        31.3500       0.426312E-01
 1    1341.47        238.119        231.450        35.8205        34.8000       0.426312E-01
 1    1341.47        220.167        211.150        42.8056        40.1500       0.426312E-01
 1    1341.47        206.411        195.550        48.9990        44.1000       0.426312E-01
 1    1341.45        276.409        274.200        24.2550        26.8000       0.492944E-01
 1    1341.45        256.868        252.900        29.6516        30.3000       0.492944E-01
 1    1341.45        238.103        231.950        35.8243        34.3000       0.492944E-01
 1    1341.45        220.152        211.500        42.8101        38.7500       0.492944E-01
 1    1341.45        206.396        195.400        49.0039        42.8000       0.492944E-01
 1    1334.76        270.777        267.300        25.2282        27.9000       0.620910E-01
 1    1334.76        251.402        246.100        30.7905        35.0000       0.620910E-01
 1    1334.76        232.815        225.500        37.1416        36.3500       0.620910E-01
 1    1334.76        215.054        205.250        44.3171        40.1500       0.620910E-01
 1    1334.76        201.457        189.450        50.6700        44.5000       0.620910E-01
 1    1356.78        289.440        286.350        22.1507        23.4500       0.743589E-01
 1    1356.78        269.534        264.400        27.1814        27.2400       0.743589E-01
 1    1356.78        250.374        243.250        32.9588        31.2000       0.743589E-01
 1    1356.78        232.000        222.450        39.5224        34.3500       0.743589E-01
 1    1356.78        217.889        205.750        45.3614        37.9000       0.743589E-01
 1    1353.64        286.757        281.500        22.5679        23.6500       0.880179E-01
 1    1353.64        266.924        259.800        27.6719        26.7500       0.880179E-01
 1    1353.64        247.843        238.500        33.5288        30.5500       0.880179E-01
 1    1353.64        229.555        217.750        40.1774        34.7000       0.880179E-01
 1    1353.64        215.516        201.750        46.0880        38.4000       0.880179E-01
 1    1363.67        295.352        290.200        21.2596        21.3000       0.137987    
 1    1363.67        275.287        268.400        26.1320        25.8500       0.137987    
 1    1363.67        255.955        246.700        31.7378        27.8500       0.137987    
 1    1363.67        237.398        225.600        38.1175        31.6000       0.137987    
 1    1363.67        223.132        208.750        43.8014        34.8500       0.137987    
 1    1372.78        303.218        298.300        20.1309        20.4500       0.136940    
 1    1372.78        282.950        276.250        24.8000        23.2000       0.136940    
 1    1372.78        263.397        254.550        30.1847        26.6500       0.136940    
 1    1372.78        244.602        233.400        36.3269        30.0000       0.136940    
 1    1372.78        230.135        216.500        41.8099        33.5000       0.136940    
 1    1376.51        306.454        301.750        19.6847        19.6500       0.142995    
 1    1376.51        286.105        279.650        24.2724        22.6900       0.142995    
 1    1376.51        266.464        258.100        29.5685        25.5500       0.142995    
 1    1376.51        247.573        236.550        35.6152        30.0000       0.142995    
 1    1376.51        233.025        219.800        41.0174        32.4000       0.142995    
 1    1362.66        294.483        291.200        21.3882        22.4000       0.953611E-01
 1    1362.66        274.441        269.600        26.2835        24.3900       0.953611E-01
 1    1362.66        255.135        247.950        31.9143        29.0000       0.953611E-01
 1    1362.66        236.604        227.000        38.3207        32.9000       0.953611E-01
 1    1362.66        222.360        210.700        44.0272        36.4000       0.953611E-01
 1    1350.52        284.098        280.300        22.9894        25.5000       0.477879E-01
 1    1350.52        264.339        258.850        28.1671        29.0000       0.477879E-01
 1    1350.52        245.338        237.700        34.1037        33.5000       0.477879E-01
 1    1350.52        227.134        217.100        40.8375        37.2000       0.477879E-01
 1    1350.52        213.167        200.750        46.8198        41.0500       0.477879E-01
 1    1338.31        273.761        269.950        24.7075        28.4500       0.396636E-01
 1    1338.31        254.298        247.850        30.1814        30.8600       0.396636E-01
 1    1338.31        235.616        227.150        36.4375        36.5000       0.396636E-01
 1    1338.31        217.753        206.950        43.5118        41.2500       0.396636E-01
 1    1338.31        204.072        190.850        49.7800        45.4500       0.396636E-01
