 1    1365.51        297.922        294.150        21.9266        25.2000       0.560346E-01
 1    1365.51        277.923        272.450        26.8618        30.0000       0.560346E-01
 1    1365.51        258.651        251.250        32.5247        33.4500       0.560346E-01
 1    1365.51        240.146        230.700        38.9540        36.4000       0.560346E-01
 1    1365.51        225.916        214.150        44.6712        39.6000       0.560346E-01
 1    1374.02        305.256        304.150        20.8586        24.6500       0.490084E-01
 1    1374.02        285.068        282.300        25.6051        27.7000       0.490084E-01
 1    1374.02        265.592        260.800        31.0633        32.0000       0.490084E-01
 1    1374.02        246.867        239.650        37.2731        35.6000       0.490084E-01
 1    1374.02        232.452        223.200        42.8049        38.3500       0.490084E-01
 1    1374.02        305.256        304.150        20.8586        24.6500       0.490084E-01
 1    1374.02        285.068        282.300        25.6051        27.7000       0.490084E-01
 1    1374.02        265.592        260.800        31.0633        32.0000       0.490084E-01
 1    1374.02        246.867        239.650        37.2731        35.6000       0.490084E-01
 1    1374.02        232.452        223.200        42.8049        38.3500       0.490084E-01
 1    1367.58        299.701        297.900        21.6624        25.8000       0.484958E-01
 1    1367.58        279.656        276.200        26.5512        29.0000       0.484958E-01
 1    1367.58        260.334        254.900        32.1637        33.0000       0.484958E-01
 1    1367.58        241.775        233.600        38.5392        37.0000       0.484958E-01
 1    1367.58        227.500        217.800        44.2109        40.3000       0.484958E-01
 1    1354.68        288.660        288.050        23.3570        25.9000       0.492606E-01
 1    1354.68        268.909        266.950        28.5405        30.0000       0.492606E-01
 1    1354.68        249.906        245.850        34.4720        33.1000       0.492606E-01
 1    1354.68        231.688        225.050        41.1885        37.3000       0.492606E-01
 1    1354.68        217.700        208.800        47.1475        41.1000       0.492606E-01
 1    1352.46        286.771        286.300        23.6604        26.1500       0.467522E-01
 1    1352.46        267.073        264.800        28.8960        29.1000       0.467522E-01
 1    1352.46        248.126        244.000        34.8836        34.5000       0.467522E-01
 1    1352.46        229.968        223.100        41.6600        37.7000       0.467522E-01
 1    1352.46        216.030        207.200        47.6694        41.3500       0.467522E-01
 1    1341.47        277.475        273.400        25.2150        27.7500       0.504477E-01
 1    1341.47        258.040        252.100        30.7139        31.3500       0.504477E-01
 1    1341.47        239.377        231.450        36.9853        34.8000       0.504477E-01
 1    1341.47        221.521        211.150        44.0638        40.1500       0.504477E-01
 1    1341.47        207.837        195.550        50.3265        44.1000       0.504477E-01
 1    1341.45        277.459        274.200        25.2179        26.8000       0.674748E-01
 1    1341.45        258.024        252.900        30.7173        30.3000       0.674748E-01
 1    1341.45        239.361        231.950        36.9892        34.3000       0.674748E-01
 1    1341.45        221.506        211.500        44.0683        38.7500       0.674748E-01
 1    1341.45        207.822        195.400        50.3314        42.8000       0.674748E-01
 1    1334.76        271.844        267.300        26.2085        27.9000       0.718695E-01
 1    1334.76        252.574        246.100        31.8730        35.0000       0.718695E-01
 1    1334.76        234.089        225.500        38.3222        36.3500       0.718695E-01
 1    1334.76        216.422        205.250        45.5894        40.1500       0.718695E-01
 1    1334.76        202.895        189.450        52.0101        44.5000       0.718695E-01
 1    1356.78        290.449        286.350        23.0733        23.4500       0.106816    
 1    1356.78        270.650        264.400        28.2079        27.2400       0.106816    
 1    1356.78        251.594        243.250        34.0866        31.2000       0.106816    
 1    1356.78        233.320        222.450        40.7467        34.3500       0.106816    
 1    1356.78        219.284        205.750        46.6583        37.9000       0.106816    
 1    1353.64        287.775        281.500        23.4987        23.6500       0.128491    
 1    1353.64        268.048        259.800        28.7065        26.7500       0.128491    
 1    1353.64        249.072        238.500        34.6643        30.5500       0.128491    
 1    1353.64        230.882        217.750        41.4088        34.7000       0.128491    
 1    1353.64        216.917        201.750        47.3914        38.4000       0.128491    
 1    1363.67        296.343        290.200        22.1639        21.3000       0.194567    
 1    1363.67        276.385        268.400        27.1407        25.8500       0.194567    
 1    1363.67        257.159        246.700        32.8485        27.8500       0.194567    
 1    1363.67        238.702        225.600        39.3261        31.6000       0.194567    
 1    1363.67        224.512        208.750        45.0839        34.8500       0.194567    
 1    1372.78        304.184        298.300        21.0113        20.4500       0.198031    
 1    1372.78        284.024        276.250        25.7849        23.2000       0.198031    
 1    1372.78        264.577        254.550        31.2726        26.6500       0.198031    
 1    1372.78        245.884        233.400        37.5140        30.0000       0.198031    
 1    1372.78        231.495        216.500        43.0726        33.5000       0.198031    
 1    1376.51        307.411        301.750        20.5551        19.6500       0.208271    
 1    1376.51        287.169        279.650        25.2475        22.6900       0.208271    
 1    1376.51        267.634        258.100        30.6468        25.5500       0.208271    
 1    1376.51        248.846        236.550        36.7934        30.0000       0.208271    
 1    1376.51        234.377        219.800        42.2718        32.4000       0.208271    
 1    1362.66        295.477        291.200        22.2952        22.4000       0.142053    
 1    1362.66        275.542        269.600        27.2948        24.3900       0.142053    
 1    1362.66        256.340        247.950        33.0275        29.0000       0.142053    
 1    1362.66        237.910        227.000        39.5316        32.9000       0.142053    
 1    1362.66        223.743        210.700        45.3118        36.4000       0.142053    
 1    1350.52        285.124        280.300        23.9284        25.5000       0.633209E-01
 1    1350.52        265.471        258.850        29.2098        29.0000       0.633209E-01
 1    1350.52        246.574        237.700        35.2468        33.5000       0.633209E-01
 1    1350.52        228.469        217.100        42.0759        37.2000       0.633209E-01
 1    1350.52        214.575        200.750        48.1295        41.0500       0.633209E-01
 1    1338.31        274.819        269.950        25.6786        28.4500       0.458691E-01
 1    1338.31        255.461        247.850        31.2551        30.8600       0.458691E-01
 1    1338.31        236.882        227.150        37.6097        36.5000       0.458691E-01
 1    1338.31        219.114        206.950        44.7767        41.2500       0.458691E-01
 1    1338.31        205.504        190.850        51.1135        45.4500       0.458691E-01
