           1  0.158241646782318     
           2  1.831433837093653E-002
           3  0.184609931939573     
           4  0.175304699843547     
           5   7.71882999007510     
           6 -0.640375040376037     
           7  8.237372041480634E-002
           8  0.960063353851639     
           9  1.466228752698904E-003
          10   11.9578506583203     
          11 -0.904707188811762     
          12  0.318617232517665     
           1  0.157036000345597     
           2  1.831579938543646E-002
           3  0.185781161924434     
           4  0.180654472392226     
           5   7.71381829592199     
           6 -0.635308390635730     
           7  8.237401810756503E-002
           8  0.944445459138897     
           9  1.465180947223938E-003
          10   12.5731336939108     
          11 -0.904707331784730     
          12  0.320410154449381     
           1  0.156301588664560     
           2  1.831654796897670E-002
           3  0.186490749945705     
           4  0.184584754341904     
           5   7.71274883416645     
           6 -0.631872557830514     
           7  8.237247760659652E-002
           8  0.930087696208913     
           9  1.464824139557620E-003
          10   12.7663877227891     
          11 -0.904706639228055     
          12  0.321371141115989     
           1  0.156677370726419     
           2  1.831633202652029E-002
           3  0.186148503806389     
           4  0.182445623719048     
           5   7.71296980443631     
           6 -0.633687893538668     
           7  8.237659143417767E-002
           8  0.944270965467051     
           9  1.464528682396352E-003
          10   12.9553103859579     
          11 -0.904708498002097     
          12  0.320935503507531     
           1  0.156435138017817     
           2  1.831671737236844E-002
           3  0.186384792383517     
           4  0.183502924556986     
           5   7.71191501136493     
           6 -0.632677336992645     
           7  8.237778498954076E-002
           8  0.943742099505041     
           9  1.464144023456373E-003
          10   13.1792381576025     
          11 -0.904709038894882     
          12  0.321289261670068     
           1  0.156142888093211     
           2  1.831720699564416E-002
           3  0.186658145815254     
           4  0.184680729178804     
           5   7.71031565237662     
           6 -0.631513668491689     
           7  8.237886115311363E-002
           8  0.943205147601973     
           9  1.463724056119467E-003
          10   13.4221058052020     
          11 -0.904709526725102     
          12  0.321708569824666     
           1  0.155111561047074     
           2  1.831820364489253E-002
           3  0.187643368039094     
           4  0.190478429781803     
           5   7.70953723046708     
           6 -0.626548179537124     
           7  8.237602704861993E-002
           8  0.920396879321366     
           9  1.463370019020963E-003
          10   13.5990619201975     
          11 -0.904708251496081     
          12  0.322954641722472     
           1  0.155891405404734     
           2  1.831781905791291E-002
           3  0.186881244832945     
           4  0.185612855938571     
           5   7.70862760635741     
           6 -0.630562837682240     
           7  8.238081193771025E-002
           8  0.944836319785520     
           9  1.463206172868270E-003
          10   13.7235463376456     
          11 -0.904710409389644     
          12  0.322063196136972     
           1  0.155648869275913     
           2  1.831815667974454E-002
           3  0.187114487658581     
           4  0.186981408931332     
           5   7.70844398518713     
           6 -0.629394029145339     
           7  8.238077911087485E-002
           8  0.940842044588134     
           9  1.463030523165464E-003
          10   13.8203234749626     
          11 -0.904710395904661     
          12  0.322355023410445     
           1  0.156049871284138     
           2  1.831791134481500E-002
           3  0.186723812852810     
           4  0.184664005968807     
           5   7.70854113403431     
           6 -0.631364729054475     
           7  8.238286749549149E-002
           8  0.952033558076426     
           9  1.463006971540853E-003
          10   13.8466897457549     
          11 -0.904711337075054     
          12  0.321880703711515     
           1  0.155777530533460     
           2  1.831825345464268E-002
           3  0.186982804277348     
           4  0.186191806897292     
           5   7.70830358340229     
           6 -0.630057240469942     
           7  8.238253687166014E-002
           8  0.946783126859248     
           9  1.462856304806450E-003
          10   13.9276070002274     
          11 -0.904711189230934     
          12  0.322203254163513     
           1  0.155991190234465     
           2  1.831825859967351E-002
           3  0.186773214636367     
           4  0.184881053049173     
           5   7.70810633496423     
           6 -0.631150277783839     
           7  8.238397624530672E-002
           8  0.953299405226409     
           9  1.462792470300597E-003
          10   13.9731976650973     
          11 -0.904711838433361     
          12  0.321958924270914     
           1  0.156672510375261     
           2  1.831788206687562E-002
           3  0.186093640955843     
           4  0.180905288722664     
           5   7.70813600028340     
           6 -0.634526668033735     
           7  8.238706665648755E-002
           8  0.969006913142726     
           9  1.462820722021943E-003
          10   13.9743605834193     
          11 -0.904713230611591     
          12  0.321145513006348     
           1  0.157443426093238     
           2  1.831720018419624E-002
           3  0.185342518488690     
           4  0.176732435935107     
           5   7.70923556831001     
           6 -0.638165626989955     
           7  8.238978952180814E-002
           8  0.984819057805817     
           9  1.462978320098882E-003
          10   13.8988782246777     
          11 -0.904714455906800     
          12  0.320208597344198     
           1  0.157797334187778     
           2  1.831686958683516E-002
           3  0.184992155173144     
           4  0.174903221055815     
           5   7.71002210550960     
           6 -0.639792446285655     
           7  8.239083612302543E-002
           8  0.989663440655246     
           9  1.463088216129756E-003
          10   13.8369489770995     
          11 -0.904714926539677     
          12  0.319760551449752     
           1  0.158312084622293     
           2  1.831637963258074E-002
           3  0.184490578312308     
           4  0.172292005719253     
           5   7.71132467354248     
           6 -0.642129399431846     
           7  8.239240474603063E-002
           8  0.997673545284364     
           9  1.463242163379740E-003
          10   13.7520812581092     
          11 -0.904715632013904     
          12  0.319112780998829     
           1  0.158894905671841     
           2  1.831584953231277E-002
           3  0.183931600693458     
           4  0.169413899296566     
           5   7.71304412739015     
           6 -0.644731168693937     
           7  8.239409017168516E-002
           8   1.00699855294155     
           9  1.463436050570198E-003
          10   13.6445225981800     
          11 -0.904716390025462     
          12  0.318379509081781     
           1  0.159279210601517     
           2  1.831557581326070E-002
           3  0.183565329900661     
           4  0.167570459078725     
           5   7.71434340773627     
           6 -0.646418648892421     
           7  8.239482108023428E-002
           8   1.01138222261937     
           9  1.463629430766454E-003
          10   13.5303723401914     
          11 -0.904716718413161     
          12  0.317888908828542     
           1  0.159103460557114     
           2  1.831611447955679E-002
           3  0.183728354423090     
           4  0.168368344330072     
           5   7.71355872276208     
           6 -0.645682758177825     
           7  8.239243728806155E-002
           8  0.999615504167137     
           9  1.463865008593805E-003
          10   13.3695691271487     
          11 -0.904715644386241     
          12  0.318103080398095     
           1  0.159238733712590     
           2  1.831605866484270E-002
           3  0.183603580647991     
           4  0.167719305989177     
           5   7.71401348917230     
           6 -0.646275370054465     
           7  8.239288716228434E-002
           8   1.00128995053404     
           9  1.463906344198152E-003
          10   13.3469520999463     
          11 -0.904715847151765     
          12  0.317934586945840     
           1  0.159021311191332     
           2  1.831635723106686E-002
           3  0.183811847113894     
           4  0.168727039809023     
           5   7.71315664106466     
           6 -0.645341362746499     
           7  8.239219262050800E-002
           8  0.995877555211124     
           9  1.463840310624449E-003
          10   13.3816962390278     
          11 -0.904715534938541     
          12  0.318217527344144     
           1  0.158874330178063     
           2  1.831659325378168E-002
           3  0.183963638890415     
           4  0.169397985703720     
           5   7.71255623239409     
           6 -0.644708987221748     
           7  8.239249774358186E-002
           8  0.992508511749262     
           9  1.463676395349567E-003
          10   13.4803908082497     
          11 -0.904715673879062     
          12  0.318425250649814     
           1  0.158471864577255     
           2  1.831701686632167E-002
           3  0.184351462696616     
           4  0.171307478536080     
           5   7.71112936019716     
           6 -0.642951704893400     
           7  8.239180541129529E-002
           8  0.984418260737954     
           9  1.463462012305994E-003
          10   13.6022999503838     
          11 -0.904715363413509     
          12  0.318944195137751     
           1  0.158074756872802     
           2  1.831767966957579E-002
           3  0.184749765701563     
           4  0.173193613012984     
           5   7.70972713069930     
           6 -0.641212323687981     
           7  8.239507609962059E-002
           8  0.983783956236053     
           9  1.462649193202297E-003
          10   14.0953616412842     
          11 -0.904716842719574     
          12  0.319484005594446     
           1  0.158433706308696     
           2  1.831747953248276E-002
           3  0.184413753431281     
           4  0.171384799854527     
           5   7.71066940916338     
           6 -0.642833695228069     
           7  8.239779413832236E-002
           8  0.994598478566702     
           9  1.462484845377732E-003
          10   14.2079978865432     
          11 -0.904718067571073     
          12  0.319066737208284     
           1  0.158395748344279     
           2  1.831763764957140E-002
           3  0.184454587526370     
           4  0.171340852097620     
           5   7.70984840190819     
           6 -0.642785625231076     
           7  8.239954305350967E-002
           8  0.997030961422842     
           9  1.462130840676227E-003
          10   14.4263075663843     
          11 -0.904718856478163     
          12  0.319160018255409     
           1  0.157961429386231     
           2  1.831815164917009E-002
           3  0.184873160131663     
           4  0.172965354492201     
           5   7.70699761750418     
           6 -0.641115645923210     
           7  8.240135401932813E-002
           8  0.991363887529015     
           9  1.461388030805130E-003
          10   14.8687000027858     
          11 -0.904719674134348     
          12  0.319766838873098     
           1  0.157510555345714     
           2  1.831857998486973E-002
           3  0.185320199265010     
           4  0.174737768211375     
           5   7.70432608279124     
           6 -0.639323774034833     
           7  8.240263831169235E-002
           8  0.982456771858861     
           9  1.460701174388820E-003
          10   15.2715037463679     
          11 -0.904720253864415     
          12  0.320379398238880     
           1  0.156423932713823     
           2  1.831933338632276E-002
           3  0.186375193059880     
           4  0.180263349125475     
           5   7.70157441598029     
           6 -0.634359488742696     
           7  8.240030875588036E-002
           8  0.955579193391905     
           9  1.460257678046602E-003
          10   15.5029479742109     
          11 -0.904719207961606     
          12  0.321611144607081     
           1  0.155920970908255     
           2  1.831920363837588E-002
           3  0.186921399290169     
           4  0.182914961088873     
           5   7.70089015759445     
           6 -0.631955544019944     
           7  8.240469630238073E-002
           8  0.942583362419432     
           9  1.458835274563302E-003
          10   16.3133622520573     
          11 -0.904721182892049     
          12  0.322241754572981     
           1  0.155444112556103     
           2  1.831935314647058E-002
           3  0.187426054675891     
           4  0.185515691575988     
           5   7.70039747625350     
           6 -0.629650562297494     
           7  8.240790411873043E-002
           8  0.933304663305497     
           9  1.457635560299965E-003
          10   16.9839026251907     
          11 -0.904722625793444     
          12  0.322785739731819     
           1  0.155910322001276     
           2  1.831897720060428E-002
           3  0.186990692665351     
           4  0.182813502143384     
           5   7.70071184729943     
           6 -0.631936296928487     
           7  8.241157777643163E-002
           8  0.946723587485755     
           9  1.457046016302617E-003
          10   17.3290102677451     
          11 -0.904724275263760     
          12  0.322364262086441     
           1  0.155488841854569     
           2  1.831935873333850E-002
           3  0.187403092174024     
           4  0.184485565559349     
           5   7.69832946046873     
           6 -0.630239831956078     
           7  8.241462457523627E-002
           8  0.941892188734779     
           9  1.455746699977729E-003
          10   18.0461479112017     
          11 -0.904725643540404     
          12  0.322864592623114     
           1  0.155273230981412     
           2  1.831961309805319E-002
           3  0.187605030332677     
           4  0.185465553249711     
           5   7.69741282447608     
           6 -0.629315587841717     
           7  8.241586496226609E-002
           8  0.939263186304536     
           9  1.455172760773266E-003
          10   18.3584849157393     
          11 -0.904726200431231     
          12  0.323089953399987     
           1  0.154609447925571     
           2  1.832009975675180E-002
           3  0.188253587528542     
           4  0.189272015131692     
           5   7.69694045170425     
           6 -0.626054745160389     
           7  8.241518274709109E-002
           8  0.922830974960871     
           9  1.454823527153208E-003
          10   18.5322816731101     
          11 -0.904725895350199     
          12  0.323693092278765     
           1  0.154799834387542     
           2  1.832020266034294E-002
           3  0.188061826387116     
           4  0.187979093899635     
           5   7.69643281812587     
           6 -0.627100818605769     
           7  8.241641722943291E-002
           8  0.929271691394210     
           9  1.454604957197509E-003
          10   18.6605008515609     
          11 -0.904726449117775     
          12  0.323536266558749     
           1  0.155005454663366     
           2  1.832027500789503E-002
           3  0.187852131073321     
           4  0.186599415716612     
           5   7.69593656965701     
           6 -0.628222442046749     
           7  8.241723492684966E-002
           8  0.933366432572700     
           9  1.454521824632209E-003
          10   18.7115237515358     
          11 -0.904726815839033     
          12  0.323362975362020     
           1  0.155335726568752     
           2  1.832018439796137E-002
           3  0.187525438146316     
           4  0.184671833438711     
           5   7.69605698266985     
           6 -0.629868491228619     
           7  8.241821072325319E-002
           8  0.941802832355615     
           9  1.454498713989807E-003
          10   18.7336503310973     
          11 -0.904727253160854     
          12  0.323069636497330     
           1  0.155143584252577     
           2  1.832041074035937E-002
           3  0.187714640360367     
           4  0.185758712864810     
           5   7.69586023753409     
           6 -0.628933795874345     
           7  8.241810487125942E-002
           8  0.936519989609145     
           9  1.454374645352212E-003
          10   18.7965594535050     
          11 -0.904727206064016     
          12  0.323243141517475     
           1  0.154881063651388     
           2  1.832067267248206E-002
           3  0.187979073659993     
           4  0.187254225820051     
           5   7.69565645048833     
           6 -0.627645847964595     
           7  8.241851076397806E-002
           8  0.929580533109141     
           9  1.454022792151315E-003
          10   18.9841611966780     
          11 -0.904727388508228     
          12  0.323485391876682     
           1  0.154744757633728     
           2  1.832101517323536E-002
           3  0.188166768351771     
           4  0.187941351794723     
           5   7.69547970457976     
           6 -0.626995057909084     
           7  8.242362309554387E-002
           8  0.926142285449937     
           9  1.452175544862326E-003
          10   20.0038662282567     
          11 -0.904729680637964     
          12  0.323666699923047     
           1  0.155165796048845     
           2  1.832083276485119E-002
           3  0.187761781637787     
           4  0.185437234455450     
           5   7.69556364300522     
           6 -0.629108388593419     
           7  8.242539001934406E-002
           8  0.937283310517746     
           9  1.451883074080873E-003
          10   20.1776843444356     
          11 -0.904730471770320     
          12  0.323331336403786     
           1  0.155436509928158     
           2  1.832064174867121E-002
           3  0.187465699950552     
           4  0.183886688846575     
           5   7.69577799076849     
           6 -0.630446619410324     
           7  8.242845439789030E-002
           8  0.940488115384231     
           9  1.450978664993630E-003
          10   20.6746380036635     
          11 -0.904731843821955     
          12  0.323092650823658     
           1  0.155853633697275     
           2  1.832037661932395E-002
           3  0.187041009977792     
           4  0.181533192664568     
           5   7.69620015168401     
           6 -0.632484468557389     
           7  8.242966923568833E-002
           8  0.948118040093049     
           9  1.450863663341950E-003
          10   20.7441997563323     
          11 -0.904732387264707     
          12  0.322743475295076     
           1  0.156165129968133     
           2  1.832001696896483E-002
           3  0.186689708433331     
           4  0.179838419720018     
           5   7.69674466326473     
           6 -0.633978953886733     
           7  8.243088799450878E-002
           8  0.940007727236192     
           9  1.450630071099691E-003
          10   20.8544163462048     
          11 -0.904732932280974     
          12  0.322454202903507     
           1  0.156995610995044     
           2  1.831950628643858E-002
           3  0.185868217061948     
           4  0.175337180423630     
           5   7.69815762291487     
           6 -0.637933292378956     
           7  8.243226960729837E-002
           8  0.955941235390604     
           9  1.450792111593917E-003
          10   20.7814030547627     
          11 -0.904733549943371     
          12  0.321777420400726     
           1  0.157024041339137     
           2  1.831968488259723E-002
           3  0.185833225805081     
           4  0.175166504899947     
           5   7.69817412750937     
           6 -0.638081078794244     
           7  8.243057393348420E-002
           8  0.928440957379698     
           9  1.451435473011910E-003
          10   20.3865144086001     
          11 -0.904732790960097     
          12  0.321741405600991     
           1  0.157716915739413     
           2  1.831935615381938E-002
           3  0.185168999378410     
           4  0.171575303580216     
           5   7.69985946365046     
           6 -0.641288664672774     
           7  8.243135200222997E-002
           8  0.940369608929202     
           9  1.451727321939049E-003
          10   20.2421062160121     
          11 -0.904733138789501     
          12  0.321184024114646     
           1  0.157686569465572     
           2  1.831964694180862E-002
           3  0.185199807612832     
           4  0.171601296895696     
           5   7.69933352150364     
           6 -0.641225034309347     
           7  8.243026134187882E-002
           8  0.928781181144699     
           9  1.452101675576841E-003
          10   20.0261100283762     
          11 -0.904732650681943     
          12  0.321217377139583     
           1  0.157387245247907     
           2  1.832001462489193E-002
           3  0.185486875585320     
           4  0.173078630143186     
           5   7.69833305843921     
           6 -0.639884744963557     
           7  8.242899856161429E-002
           8  0.913972370099913     
           9  1.452311579787587E-003
          10   19.8945958861367     
          11 -0.904732085554823     
          12  0.321460061115916     
           1  0.158588715217908     
           2  1.831948969897592E-002
           3  0.184297066007516     
           4  0.166910032441459     
           5   7.70146996472588     
           6 -0.645435789275986     
           7  8.242939023785162E-002
           8  0.922605143687684     
           9  1.453171950715508E-003
          10   19.4376705931995     
          11 -0.904732259861213     
          12  0.320459335882378     
           1  0.159425551537567     
           2  1.831892159391013E-002
           3  0.183456871393033     
           4  0.162986372449008     
           5   7.70495138133569     
           6 -0.649099104422030     
           7  8.242932624514877E-002
           8  0.922358282486408     
           9  1.453900387807687E-003
          10   19.0379356996196     
          11 -0.904732230028298     
          12  0.319714802860294     
           1  0.160365411979049     
           2  1.831821344264377E-002
           3  0.182535282858867     
           4  0.158770739478767     
           5   7.70948367499542     
           6 -0.653097158285764     
           7  8.243011981153441E-002
           8  0.931135330463172     
           9  1.454429209447322E-003
          10   18.7575231598206     
          11 -0.904732584342360     
          12  0.318880466584909     
           1  0.161094629559537     
           2  1.831774832959464E-002
           3  0.181829191085026     
           4  0.155655460242994     
           5   7.71349929562715     
           6 -0.656111066161072     
           7  8.243069611093891E-002
           8  0.937719779520581     
           9  1.454866977242373E-003
          10   18.5231573984862     
          11 -0.904732841684025     
          12  0.318222033228023     
           1  0.161792997034844     
           2  1.831739582116947E-002
           3  0.181156631556833     
           4  0.152779818029798     
           5   7.71769741567658     
           6 -0.658936936290879     
           7  8.243114435446940E-002
           8  0.942367864643916     
           9  1.455331105458501E-003
          10   18.2706106856624     
          11 -0.904733041758169     
          12  0.317579724662547     
           1  0.162403379317397     
           2  1.831764936086963E-002
           3  0.180566426916263     
           4  0.150326694575383     
           5   7.72150899988303     
           6 -0.661385624753647     
           7  8.243022846336036E-002
           8  0.929053363308013     
           9  1.456162467693207E-003
          10   17.7945543896527     
          11 -0.904732630759019     
          12  0.316998987727117     
           1  0.162693762611245     
           2  1.831759307386384E-002
           3  0.180296110068378     
           4  0.149198895139751     
           5   7.72345055083523     
           6 -0.662518765767880     
           7  8.243078530294316E-002
           8  0.931965138492459     
           9  1.456256052302512E-003
          10   17.7471293992402     
          11 -0.904732880382429     
          12  0.316732459779475     
           1  0.162851649802653     
           2  1.831763257053216E-002
           3  0.180149268322744     
           4  0.148590203717241     
           5   7.72451272350486     
           6 -0.663133476148028     
           7  8.243121352829036E-002
           8  0.933060359744639     
           9  1.456275258155306E-003
          10   17.7381074829411     
          11 -0.904733072532337     
          12  0.316587201626479     
           1  0.163001459088916     
           2  1.831763719005073E-002
           3  0.180007676693106     
           4  0.148020679667402     
           5   7.72556538390895     
           6 -0.663712234541362     
           7  8.243179335727985E-002
           8  0.935340278967475     
           9  1.456243550224720E-003
          10   17.7577858778591     
          11 -0.904733332674735     
          12  0.316447454039365     
           1  0.163409190220459     
           2  1.831737880542928E-002
           3  0.179606767665541     
           4  0.146416172956818     
           5   7.72836359789858     
           6 -0.665319742123708     
           7  8.243265360544672E-002
           8  0.938213433315610     
           9  1.456337218413192E-003
          10   17.7062692459800     
          11 -0.904733718012437     
          12  0.316060073835797     
