    24.131    25.200    28.811    30.000    34.142    33.450    40.167    36.400    45.513    39.600
    23.132    24.650    27.644    27.700    32.791    32.000    38.616    35.600    43.792    38.350
    23.132    24.650    27.644    27.700    32.791    32.000    38.616    35.600    43.792    38.350
    23.884    25.800    28.523    29.000    33.808    33.000    39.784    37.000    45.088    40.300
    25.466    25.900    30.367    30.000    35.940    33.100    42.227    37.300    47.797    41.100
    25.748    26.150    30.696    29.100    36.320    34.500    42.662    37.700    48.279    41.350
    27.194    27.750    32.378    31.350    38.259    34.800    44.879    40.150    50.731    44.100
    27.197    26.800    32.381    30.300    38.262    34.300    44.883    38.750    50.736    42.800
    28.117    27.900    33.449    35.000    39.492    36.350    46.286    40.150    52.286    44.500
    25.201    23.450    30.059    27.240    35.584    31.200    41.820    34.350    47.346    37.900
    25.598    23.650    30.521    26.750    36.117    30.550    42.430    34.700    48.022    38.400
    24.353    21.300    29.070    25.850    34.441    27.850    40.510    31.600    45.893    34.850
    23.275    20.450    27.811    23.200    32.985    26.650    38.839    30.000    44.038    33.500
    22.847    19.650    27.312    22.690    32.406    25.550    38.174    30.000    43.300    32.400
    24.475    22.400    29.213    24.390    34.606    29.000    40.699    32.900    46.104    36.400
    25.998    25.500    30.986    29.000    36.655    33.500    43.046    37.200    48.703    41.050
    27.625    28.450    32.878    30.860    38.835    36.500    45.536    41.250    51.458    45.450
    27.682    26.800    32.945    31.050    38.912    34.750    45.624    39.450    51.555    41.900
