           1   1.01839889661292     
           2  1.000200943441660E-002
           3  0.177777792515929     
           4  9.339548912868638E-002
           5   8.21184745556894     
           6 -0.622452068244578     
           7  8.201096960741093E-002
           8  6.705218572484828E-002
           9  4.072853441316077E-003
          10   252.229078811901     
          11 -0.904993772569073     
          12  3.215981920263225E-002
           1   1.01918683500539     
           2  1.000200178777517E-002
           3  0.177807636747783     
           4  9.344865141679111E-002
           5   8.21120223553094     
           6 -0.621719902516132     
           7  8.201096955095004E-002
           8  6.703688175526779E-002
           9  4.072785143026762E-003
          10   252.229318153286     
          11 -0.904993772542340     
          12  3.215982181079732E-002
           1   1.02009545700352     
           2  1.000199291873125E-002
           3  0.177841954113975     
           4  9.351001382866064E-002
           5   8.21046031038120     
           6 -0.620875573013475     
           7  8.201096948582309E-002
           8  6.702043496964549E-002
           9  4.072710574356199E-003
          10   252.229575004183     
          11 -0.904993772511434     
          12  3.215982481887930E-002
           1   1.02062419042534     
           2  1.000198771339295E-002
           3  0.177861839837791     
           4  9.354576524177347E-002
           5   8.21003037728172     
           6 -0.620384247899074     
           7  8.201096944783291E-002
           8  6.701085227489667E-002
           9  4.072667345560154E-003
          10   252.229724787138     
          11 -0.904993772493502     
          12  3.215982656972875E-002
           1   1.02096510692958     
           2  1.000198466249442E-002
           3  0.177874664009873     
           4  9.356881324069211E-002
           5   8.20975291447811     
           6 -0.620067483537820     
           7  8.201096942372713E-002
           8  6.700526094071213E-002
           9  4.072640344251116E-003
          10   252.229811502657     
          11 -0.904993772481694     
          12  3.215982769820826E-002
           1   1.02270606215421     
           2  1.000196287013968E-002
           3  0.177940365894770     
           4  9.368590786218813E-002
           5   8.20833722271953     
           6 -0.618453320266236     
           7  8.201096928924720E-002
           8  6.689261858967654E-002
           9  4.072253552359269E-003
          10   252.231569961836     
          11 -0.904993772417597     
          12  3.215983341767264E-002
           1   1.02288918440364     
           2  1.000196072225166E-002
           3  0.177947075645373     
           4  9.369832584565702E-002
           5   8.20819250899134     
           6 -0.618283623393318     
           7  8.201096927166941E-002
           8  6.689076811123940E-002
           9  4.072244018199340E-003
          10   252.231631370983     
          11 -0.904993772403861     
          12  3.215983401952698E-002
           1   1.02279617558114     
           2  1.000196116259280E-002
           3  0.177943597912938     
           4  9.369206877101481E-002
           5   8.20826793029179     
           6 -0.618369719013790     
           7  8.201096927782674E-002
           8  6.689096628139746E-002
           9  4.072249162498563E-003
          10   252.231617782029     
          11 -0.904993772419575     
          12  3.215983371540494E-002
           1   1.02245806098080     
           2  1.000196416178634E-002
           3  0.177930901522003     
           4  9.366930885756586E-002
           5   8.20854234231430     
           6 -0.618682982098715     
           7  8.201096930299584E-002
           8  6.689263895826114E-002
           9  4.072263358759684E-003
          10   252.231594461363     
          11 -0.904993772437457     
          12  3.215983260721691E-002
           1   1.02103071147000     
           2  1.000198372152374E-002
           3  0.177876858795429     
           4  9.357339985762292E-002
           5   8.20970554193967     
           6 -0.620006475220719     
           7  8.201096941835430E-002
           8  6.700051932719919E-002
           9  4.072623971956671E-003
          10   252.229887590983     
          11 -0.904993772480103     
          12  3.215982791704901E-002
           1   1.02087317282008     
           2  1.000198520222965E-002
           3  0.177870883611272     
           4  9.356277354256423E-002
           5   8.20983474871011     
           6 -0.620152863450969     
           7  8.201096942947211E-002
           8  6.700187060644325E-002
           9  4.072631974708587E-003
          10   252.229867220902     
          11 -0.904993772485666     
          12  3.215982739571400E-002
           1   1.02034800846174     
           2  1.000198981520994E-002
           3  0.177850997149268     
           4  9.352734291816618E-002
           5   8.21026501345933     
           6 -0.620640802220100     
           7  8.201096946695073E-002
           8  6.701055255939981E-002
           9  4.072672410503918E-003
          10   252.229732127854     
          11 -0.904993772503659     
          12  3.215982565801718E-002
           1   1.01959163380407     
           2  1.000199718825935E-002
           3  0.177822213971312     
           4  9.347637830780263E-002
           5   8.21088720638149     
           6 -0.621343649026924     
           7  8.201096952141788E-002
           8  6.702415291616282E-002
           9  4.072732706971046E-003
          10   252.229519514784     
          11 -0.904993772529221     
          12  3.215982315490482E-002
           1   1.01719324422230     
           2  1.000201496073697E-002
           3  0.177730699304897     
           4  9.331449774134661E-002
           5   8.21287026732358     
           6 -0.623575142971012     
           7  8.201096968263219E-002
           8  6.698853739766175E-002
           9  4.072688145043024E-003
          10   252.230106544792     
          11 -0.904993772607272     
          12  3.215981518489302E-002
           1   1.01408923704949     
           2  1.000204018490762E-002
           3  0.177611765339830     
           4  9.310359998701094E-002
           5   8.21545164944247     
           6 -0.626476583556553     
           7  8.201096990241041E-002
           8  6.696823684538922E-002
           9  4.072711040721754E-003
          10   252.230416039326     
          11 -0.904993772753227     
          12  3.215980469599605E-002
           1   1.01101791841610     
           2  1.000206589316508E-002
           3  0.177492875332948     
           4  9.289340660507078E-002
           5   8.21803799567124     
           6 -0.629364629082560     
           7  8.201097012252034E-002
           8  6.694969120205707E-002
           9  4.072739164833661E-003
          10   252.230627162614     
          11 -0.904993772850210     
          12  3.215979409347212E-002
           1   1.00717409280027     
           2  1.000209858882250E-002
           3  0.177343344874750     
           4  9.262777908280451E-002
           5   8.22130043569353     
           6 -0.633002501044300     
           7  8.201097040646382E-002
           8  6.694907084848856E-002
           9  4.072850131307795E-003
          10   252.230716608583     
          11 -0.904993772963837     
          12  3.215978050494953E-002
           1   1.00396189511126     
           2  1.000212523847169E-002
           3  0.177217215667903     
           4  9.240356777089337E-002
           5   8.22406134099418     
           6 -0.636064763010513     
           7  8.201097064750697E-002
           8  6.693562002576625E-002
           9  4.072907439871412E-003
          10   252.230856544037     
          11 -0.904993773150788     
          12  3.215976884817413E-002
           1   1.00283059229578     
           2  1.000213728328850E-002
           3  0.177173031554840     
           4  9.232406700961764E-002
           5   8.22502850298986     
           6 -0.637146741415057     
           7  8.201097073814016E-002
           8  6.695736143667119E-002
           9  4.073005086014096E-003
          10   252.230582769553     
          11 -0.904993773151226     
          12  3.215976469152480E-002
           1   1.00296361674038     
           2  1.000213543869528E-002
           3  0.177178448968596     
           4  9.233326061603706E-002
           5   8.22491047959212     
           6 -0.637020005240961     
           7  8.201097073410941E-002
           8  6.694007954828418E-002
           9  4.072944127179138E-003
          10   252.230886428667     
          11 -0.904993773125232     
          12  3.215976517044158E-002
           1   1.00246764049230     
           2  1.000213878182110E-002
           3  0.177158963508734     
           4  9.229837799840865E-002
           5   8.22533907287592     
           6 -0.637495233063272     
           7  8.201097077611542E-002
           8  6.694037059906766E-002
           9  4.072955098618174E-003
          10   252.230877391273     
          11 -0.904993773150410     
          12  3.215976333566632E-002
           1   1.00278923913523     
           2  1.000213448623062E-002
           3  0.177172248737727     
           4  9.232062458041133E-002
           5   8.22504945027991     
           6 -0.637187661604651     
           7  8.201097074989717E-002
           8  6.692016538856294E-002
           9  4.072880697927541E-003
          10   252.231138201887     
          11 -0.904993773102094     
          12  3.215976451329775E-002
           1   1.00369651192761     
           2  1.000212216549585E-002
           3  0.177208657191433     
           4  9.238391972328537E-002
           5   8.22425549182337     
           6 -0.636319915460530     
           7  8.201097068040421E-002
           8  6.688754718444745E-002
           9  4.072751868299277E-003
          10   252.231725104905     
          11 -0.904993773100839     
          12  3.215976783910506E-002
           1   1.00402468036672     
           2  1.000211359178563E-002
           3  0.177221117061210     
           4  9.240722396504544E-002
           5   8.22398615885864     
           6 -0.636005926095075     
           7  8.201097063979065E-002
           8  6.687069138552415E-002
           9  4.072688349029580E-003
          10   252.231978640620     
          11 -0.904993773116132     
          12  3.215976904289138E-002
           1   1.00431992913040     
           2  1.000210754725651E-002
           3  0.177232495472137     
           4  9.242805355503428E-002
           5   8.22373970686102     
           6 -0.635723735354357     
           7  8.201097061564148E-002
           8  6.684991122378836E-002
           9  4.072611749880967E-003
          10   252.232251741188     
          11 -0.904993773111098     
          12  3.215977012397431E-002
           1   1.00506546081408     
           2  1.000209957502863E-002
           3  0.177262444167998     
           4  9.247979941945446E-002
           5   8.22308520654279     
           6 -0.635012447529192     
           7  8.201097055443808E-002
           8  6.682572346560312E-002
           9  4.072512790129247E-003
          10   252.232672287275     
          11 -0.904993773101115     
          12  3.215977283666709E-002
           1   1.00610824240922     
           2  1.000208847052425E-002
           3  0.177303475729661     
           4  9.255242275093406E-002
           5   8.22218968856293     
           6 -0.634019099690920     
           7  8.201097047323364E-002
           8  6.679156135018882E-002
           9  4.072371588881874E-003
          10   252.233171172766     
          11 -0.904993773004339     
          12  3.215977661272865E-002
           1   1.00716639271369     
           2  1.000207781246691E-002
           3  0.177345587402627     
           4  9.262560763413784E-002
           5   8.22127027431805     
           6 -0.633013168724453     
           7  8.201097039623363E-002
           8  6.677035996302072E-002
           9  4.072271492131099E-003
          10   252.233594980498     
          11 -0.904993772936398     
          12  3.215978041068875E-002
           1   1.00955509314875     
           2  1.000206492311821E-002
           3  0.177439750740806     
           4  9.279065017660870E-002
           5   8.21920968476845     
           6 -0.630747492309446     
           7  8.201097023441405E-002
           8  6.680972210712044E-002
           9  4.072316210020701E-003
          10   252.232912288698     
          11 -0.904993772846908     
          12  3.215978892120290E-002
           1   1.01328241716709     
           2  1.000203923767047E-002
           3  0.177583750575898     
           4  9.304679717608402E-002
           5   8.21606898636203     
           6 -0.627234934118747     
           7  8.201096994272698E-002
           8  6.681519389216772E-002
           9  4.072220738489053E-003
          10   252.232783970255     
          11 -0.904993772824310     
          12  3.215980189721639E-002
           1   1.01854217338331     
           2  1.000200705655935E-002
           3  0.177783198434960     
           4  9.340523743261232E-002
           5   8.21173137507961     
           6 -0.622318642566700     
           7  8.201096959826025E-002
           8  6.702422801108199E-002
           9  4.072745972490883E-003
          10   252.229523463782     
          11 -0.904993772565357     
          12  3.215981967827376E-002
           1   1.01894719232726     
           2  1.000200389026056E-002
           3  0.177798425075742     
           4  9.343260256505090E-002
           5   8.21140158075181     
           6 -0.621942417570471     
           7  8.201096956940664E-002
           8  6.701418668257997E-002
           9  4.072702200497288E-003
          10   252.229680979458     
          11 -0.904993772551728     
          12  3.215982101851148E-002
           1   1.01955336839192     
           2  1.000199904062049E-002
           3  0.177821229371564     
           4  9.347355883898406E-002
           5   8.21090776332804     
           6 -0.621379303511873     
           7  8.201096952617251E-002
           8  6.700219212106928E-002
           9  4.072647923379263E-003
          10   252.229868346059     
          11 -0.904993772531126     
          12  3.215982302438956E-002
           1   1.01982811602078     
           2  1.000199676688027E-002
           3  0.177831470885373     
           4  9.349217464006387E-002
           5   8.21068599551043     
           6 -0.621124059129141     
           7  8.201096950659263E-002
           8  6.699723708434391E-002
           9  4.072624716744250E-003
          10   252.229945541885     
          11 -0.904993772521757     
          12  3.215982393404070E-002
           1   1.01989338529054     
           2  1.000199605661206E-002
           3  0.177833904824107     
           4  9.349660035633582E-002
           5   8.21063341308270     
           6 -0.621063398000518     
           7  8.201096950189386E-002
           8  6.699811815469392E-002
           9  4.072626870010244E-003
          10   252.229931081529     
          11 -0.904993772519377     
          12  3.215982415032310E-002
           1   1.01982103023807     
           2  1.000199620218275E-002
           3  0.177831194257256     
           4  9.349171441112485E-002
           5   8.21069241587422     
           6 -0.621130552338836     
           7  8.201096950680881E-002
           8  6.700183594589104E-002
           9  4.072642549877388E-003
          10   252.229872509777     
          11 -0.904993772521773     
          12  3.215982391137234E-002
           1   1.01956093291585     
           2  1.000199793153999E-002
           3  0.177821348228155     
           4  9.347417800009185E-002
           5   8.21090583404595     
           6 -0.621372130071160     
           7  8.201096952513914E-002
           8  6.700725406908559E-002
           9  4.072667457098956E-003
          10   252.229788055875     
          11 -0.904993772530700     
          12  3.215982305142134E-002
           1   1.01965101344177     
           2  1.000199720032476E-002
           3  0.177824750448183     
           4  9.348025972946496E-002
           5   8.21083218185175     
           6 -0.621288440403220     
           7  8.201096951874301E-002
           8  6.700592746026279E-002
           9  4.072660966096060E-003
          10   252.229808594764     
          11 -0.904993772527582     
          12  3.215982334943836E-002
           1   1.01951526199808     
           2  1.000199820517712E-002
           3  0.177819650936239     
           4  9.347108589344343E-002
           5   8.21094267004070     
           6 -0.621414535388438     
           7  8.201096952840684E-002
           8  6.700749428392250E-002
           9  4.072669181554366E-003
          10   252.229784528545     
          11 -0.904993772532291     
          12  3.215982290031139E-002
           1   1.01956320920135     
           2  1.000199815082891E-002
           3  0.177821466154693     
           4  9.347431539597602E-002
           5   8.21090314741504     
           6 -0.621370032534040     
           7  8.201096952545112E-002
           8  6.700433775885895E-002
           9  4.072655359572336E-003
          10   252.229834090562     
          11 -0.904993772530582     
          12  3.215982305851364E-002
           1   1.01960093834707     
           2  1.000199815591390E-002
           3  0.177822933741639     
           4  9.347683731071614E-002
           5   8.21087118943904     
           6 -0.621335013660503     
           7  8.201096952326870E-002
           8  6.700182945554944E-002
           9  4.072644078770938E-003
          10   252.229873298730     
          11 -0.904993772529191     
          12  3.215982318275555E-002
           1   1.01946848397459     
           2  1.000199902515413E-002
           3  0.177817905904392     
           4  9.346791932206920E-002
           5   8.21098018164186     
           6 -0.621458020388917     
           7  8.201096953287390E-002
           8  6.700183871414334E-002
           9  4.072645873496416E-003
          10   252.229873929468     
          11 -0.904993772533801     
          12  3.215982274490672E-002
           1   1.01889708706360     
           2  1.000200320279036E-002
           3  0.177795992583107     
           4  9.342954653970006E-002
           5   8.21145478113276     
           6 -0.621988751996875     
           7  8.201096957381061E-002
           8  6.701312595577358E-002
           9  4.072695270543293E-003
          10   252.229697453513     
          11 -0.904993772553123     
          12  3.215982085639596E-002
           1   1.01718651196065     
           2  1.000201036274087E-002
           3  0.177730819776966     
           4  9.331405882441239E-002
           5   8.21287144199538     
           6 -0.623580423823394     
           7  8.201096968316646E-002
           8  6.693979838803354E-002
           9  4.072501073779403E-003
          10   252.230818648690     
          11 -0.904993772629061     
          12  3.215981516656227E-002
           1   1.01561464739961     
           2  1.000201660567829E-002
           3  0.177670844893176     
           4  9.320736401972453E-002
           5   8.21417753032027     
           6 -0.625047945359821     
           7  8.201096979203597E-002
           8  6.687094718003195E-002
           9  4.072319655769342E-003
          10   252.231897861759     
          11 -0.904993772678499     
          12  3.215980987470780E-002
           1   1.01159578761425     
           2  1.000203650285354E-002
           3  0.177515862410432     
           4  9.293284921859017E-002
           5   8.21755729906203     
           6 -0.628820803687410     
           7  8.201097007482742E-002
           8  6.674920540383855E-002
           9  4.072036561066277E-003
          10   252.233952466305     
          11 -0.904993772821063     
          12  3.215979607671082E-002
           1   1.01062854861252     
           2  1.000204123824756E-002
           3  0.177479761763651     
           4  9.286577312929788E-002
           5   8.21834630228962     
           6 -0.629731933677546     
           7  8.201097015609668E-002
           8  6.678580794047351E-002
           9  4.072197045197301E-003
          10   252.233394999471     
          11 -0.904993772787075     
          12  3.215979270555648E-002
           1   1.01090264943430     
           2  1.000203855547365E-002
           3  0.177491782460060     
           4  9.288388434827406E-002
           5   8.21808566159632     
           6 -0.629473356371847     
           7  8.201097012579750E-002
           8  6.680648920198795E-002
           9  4.072268904544471E-003
          10   252.232973850224     
          11 -0.904993772832508     
          12  3.215979365742257E-002
           1   1.01295947226986     
           2  1.000202799293725E-002
           3  0.177570357774739     
           4  9.302557410179126E-002
           5   8.21636927271703     
           6 -0.627535969120936     
           7  8.201096997320917E-002
           8  6.686518677026054E-002
           9  4.072399595113857E-003
          10   252.232015833749     
          11 -0.904993772788953     
          12  3.215980080874213E-002
           1   1.01332295491616     
           2  1.000202566802913E-002
           3  0.177583938029760     
           4  9.305059657916379E-002
           5   8.21607313611461     
           6 -0.627194890006611     
           7  8.201096994850185E-002
           8  6.686615566929932E-002
           9  4.072396135885410E-003
          10   252.232014458487     
          11 -0.904993772774840     
          12  3.215980205844225E-002
           1   1.01058116118852     
           2  1.000204313403636E-002
           3  0.177477212520148     
           4  9.286283535788248E-002
           5   8.21840034523195     
           6 -0.629776776611906     
           7  8.201097014062650E-002
           8  6.683369130813333E-002
           9  4.072368096086841E-003
          10   252.232525890412     
          11 -0.904993772881480     
          12  3.215979254109343E-002
           1   1.00902794384564     
           2  1.000206165336737E-002
           3  0.177414899802486     
           4  9.275675938793078E-002
           5   8.21975422505334     
           6 -0.631244724709351     
           7  8.201097027093425E-002
           8  6.688476957054190E-002
           9  4.072570350550333E-003
          10   252.231803211617     
          11 -0.904993772850060     
          12  3.215978708883855E-002
           1   1.00307354854347     
           2  1.000210503645456E-002
           3  0.177178169021557     
           4  9.234292320857776E-002
           5   8.22493922132674     
           6 -0.636919869282602     
           7  8.201097071675845E-002
           8  6.686788045082803E-002
           9  4.072683342426503E-003
          10   252.231967951625     
          11 -0.904993773133070     
          12  3.215976550757293E-002
           1  0.997061412208746     
           2  1.000214805234419E-002
           3  0.176935866578643     
           4  9.191810045536865E-002
           5   8.23027437108400     
           6 -0.642717741855462     
           7  8.201097120547768E-002
           8  6.692439419989737E-002
           9  4.073036627254364E-003
          10   252.231059281009     
          11 -0.904993773370260     
          12  3.215974275723555E-002
           1  0.992787631374819     
           2  1.000217950223072E-002
           3  0.176760647673333     
           4  9.161122924850250E-002
           5   8.23415128826061     
           6 -0.646888084595482     
           7  8.201097156350934E-002
           8  6.691237050342558E-002
           9  4.073125243720924E-003
          10   252.231175420153     
          11 -0.904993773551651     
          12  3.215972589487666E-002
           1  0.988154759895032     
           2  1.000220833772416E-002
           3  0.176568588041600     
           4  9.127368929271162E-002
           5   8.23842294054894     
           6 -0.651453969836140     
           7  8.201097196870814E-002
           8  6.689279259215564E-002
           9  4.073200954926311E-003
          10   252.231578079866     
          11 -0.904993773755371     
          12  3.215970694072977E-002
           1  0.984129538122687     
           2  1.000223299915513E-002
           3  0.176397910073179     
           4  9.097673212773019E-002
           5   8.24223491265050     
           6 -0.655463009845156     
           7  8.201097233669755E-002
           8  6.688546071013191E-002
           9  4.073298200542218E-003
          10   252.231702817664     
          11 -0.904993773863834     
          12  3.215968985275222E-002
           1  0.982060619904726     
           2  1.000224879343072E-002
           3  0.176309950148439     
           4  9.082249503498009E-002
           5   8.24420311938266     
           6 -0.657536560804353     
           7  8.201097254006423E-002
           8  6.692531813998848E-002
           9  4.073481724093327E-003
          10   252.231013437386     
          11 -0.904993774013107     
          12  3.215968086563924E-002
           1  0.979328092909345     
           2  1.000226424246847E-002
           3  0.176190647037573     
           4  9.061724629600230E-002
           5   8.24688330823314     
           6 -0.660297889977177     
           7  8.201097278815798E-002
           8  6.687051579135161E-002
           9  4.073386629167891E-003
          10   252.231978245515     
          11 -0.904993774218823     
          12  3.215966865961962E-002
           1  0.976935180626675     
           2  1.000229876043514E-002
           3  0.176083251110042     
           4  9.043774962525446E-002
           5   8.24928106917853     
           6 -0.662724590851501     
           7  8.201097305574749E-002
           8  6.697437760155944E-002
           9  4.073778347835076E-003
          10   252.230631707803     
          11 -0.904993774204001     
          12  3.215965785524813E-002
