 1    1419.04        377.691        344.000        24.8672        27.9000       0.851898    
 1    1419.04        357.499        323.250        29.4682        30.9000       0.851898    
 1    1419.04        337.872        301.750        34.6353        34.3000       0.851898    
 1    1419.04        318.838        280.350        40.3953        37.5500       0.851898    
 1    1419.04        304.054        263.550        45.4464        40.8500       0.851898    
 2    1413.38        372.371        341.900        25.2714        28.4500       0.851898    
 2    1413.38        352.250        321.150        29.9450        31.9500       0.851898    
 2    1413.38        332.701        299.550        35.1920        34.8000       0.851898    
 2    1413.38        313.754        277.450        41.0396        38.6500       0.851898    
 2    1413.38        299.044        260.600        46.1661        41.8500       0.851898    
 3    1398.96        359.358        329.200        26.7415        31.1500       0.851898    
 3    1398.96        339.464        307.700        31.6447        34.8500       0.851898    
 3    1398.96        320.163        286.500        37.1404        37.9500       0.851898    
 3    1398.96        301.481        265.650        43.2552        42.1500       0.851898    
 3    1398.96        286.996        249.300        48.6080        45.7500       0.851898    
 4    1398.08        358.268        326.350        26.5958        32.3000       0.851898    
 4    1398.08        338.364        306.350        31.4907        35.5000       0.851898    
 4    1398.08        319.055        284.800        36.9797        39.3500       0.851898    
 4    1398.08        300.367        264.450        43.0895        43.5000       0.851898    
 4    1398.08        285.878        248.000        48.4399        47.0500       0.851898    
 5    1398.08        357.951        326.350        26.3424        32.3000       0.851898    
 5    1398.08        338.021        306.350        31.2131        35.5000       0.851898    
 5    1398.08        318.687        284.800        36.6783        39.3500       0.851898    
 5    1398.08        299.974        264.450        42.7651        43.5000       0.851898    
 5    1398.08        285.466        248.000        48.0978        47.0500       0.851898    
 6    1382.20        343.754        314.800        28.0888        35.5000       0.851898    
 6    1382.20        324.093        294.100        33.2289        39.3000       0.851898    
 6    1382.20        305.048        272.950        38.9851        43.3500       0.851898    
 6    1382.20        286.645        252.550        45.3836        47.8500       0.851898    
 6    1382.20        272.400        236.550        50.9798        51.8500       0.851898    
 1    1413.38        373.216        341.900        25.9203        28.4500       0.853598    
 1    1413.38        353.162        321.150        30.6569        31.9500       0.853598    
 1    1413.38        333.680        299.550        35.9662        34.8000       0.853598    
 1    1413.38        314.798        277.450        41.8746        38.6500       0.853598    
 1    1413.38        300.139        260.600        47.0480        41.8500       0.853598    
 2    1398.96        360.220        329.200        27.4092        31.1500       0.853598    
 2    1398.96        340.394        307.700        32.3753        34.8500       0.853598    
 2    1398.96        321.160        286.500        37.9330        37.9500       0.853598    
 2    1398.96        302.542        265.650        44.1076        42.1500       0.853598    
 2    1398.96        288.107        249.300        49.5065        45.7500       0.853598    
 3    1398.08        359.129        326.350        27.2624        32.3000       0.853598    
 3    1398.08        339.293        306.350        32.2205        35.5000       0.853598    
 3    1398.08        320.050        284.800        37.7716        39.3500       0.853598    
 3    1398.08        301.426        264.450        43.9415        43.5000       0.853598    
 3    1398.08        286.988        248.000        49.3380        47.0500       0.853598    
 4    1398.08        358.808        326.350        27.0068        32.3000       0.853598    
 4    1398.08        338.947        306.350        31.9408        35.5000       0.853598    
 4    1398.08        319.679        284.800        37.4683        39.3500       0.853598    
 4    1398.08        301.031        264.450        43.6153        43.5000       0.853598    
 4    1398.08        286.574        248.000        48.9944        47.0500       0.853598    
 5    1382.20        344.632        314.800        28.7744        35.5000       0.853598    
 5    1382.20        325.038        294.100        33.9776        39.3000       0.853598    
 5    1382.20        306.059        272.950        39.7954        43.3500       0.853598    
 5    1382.20        287.720        252.550        46.2532        47.8500       0.853598    
 5    1382.20        273.524        236.550        51.8945        51.8500       0.853598    
 6    1358.59        323.957        302.350        31.7721        40.6000       0.853598    
 6    1358.59        304.800        282.050        37.4139        44.0000       0.853598    
 6    1358.59        286.290        261.500        43.7018        49.4000       0.853598    
 6    1358.59        268.449        241.950        50.6592        54.2000       0.853598    
 6    1358.59        254.671        225.850        56.7201        58.6000       0.853598    
 1    1398.96        361.251        329.200        28.2010        31.1500       0.858300    
 1    1398.96        341.504        307.700        33.2408        34.8500       0.858300    
 1    1398.96        322.347        286.500        38.8708        37.9500       0.858300    
 1    1398.96        303.805        265.650        45.1155        42.1500       0.858300    
 1    1398.96        289.429        249.300        50.5681        45.7500       0.858300    
 2    1398.08        360.157        326.350        28.0533        32.3000       0.858300    
 2    1398.08        340.401        306.350        33.0852        35.5000       0.858300    
 2    1398.08        321.236        284.800        38.7088        39.3500       0.858300    
 2    1398.08        302.688        264.450        44.9490        43.5000       0.858300    
 2    1398.08        288.308        248.000        50.3994        47.0500       0.858300    
 3    1398.08        359.833        326.350        27.7951        32.3000       0.858300    
 3    1398.08        340.052        306.350        32.8032        35.5000       0.858300    
 3    1398.08        320.862        284.800        38.4035        39.3500       0.858300    
 3    1398.08        302.290        264.450        44.6210        43.5000       0.858300    
 3    1398.08        287.891        248.000        50.0542        47.0500       0.858300    
 4    1382.20        345.681        314.800        29.5876        35.5000       0.858300    
 4    1382.20        326.167        294.100        34.8646        39.3000       0.858300    
 4    1382.20        307.266        272.950        40.7545        43.3500       0.858300    
 4    1382.20        289.001        252.550        47.2814        47.8500       0.858300    
 4    1382.20        274.862        236.550        52.9755        51.8500       0.858300    
 5    1358.59        325.043        302.350        32.6236        40.6000       0.858300    
 5    1358.59        305.965        282.050        38.3382        44.0000       0.858300    
 5    1358.59        287.530        261.500        44.6963        49.4000       0.858300    
 5    1358.59        269.762        241.950        51.7203        54.2000       0.858300    
 5    1358.59        256.038        225.850        57.8313        58.6000       0.858300    
 6    1368.71        333.369        310.400        30.8952        40.7000       0.858300    
 6    1368.71        314.064        289.550        36.3846        42.0000       0.858300    
 6    1368.71        295.391        269.100        42.5053        48.5000       0.858300    
 6    1368.71        277.372        249.000        49.2812        50.2500       0.858300    
 6    1368.71        263.442        233.250        55.1868        57.5500       0.858300    
 1    1398.08        360.953        326.350        28.6698        32.3000       0.846137    
 1    1398.08        341.256        306.350        33.7572        35.5000       0.846137    
 1    1398.08        322.150        284.800        39.4351        39.3500       0.846137    
 1    1398.08        303.659        264.450        45.7276        43.5000       0.846137    
 1    1398.08        289.322        248.000        51.2180        47.0500       0.846137    
 2    1398.08        360.627        326.350        28.4098        32.3000       0.846137    
 2    1398.08        340.905        306.350        33.4736        35.5000       0.846137    
 2    1398.08        321.774        284.800        39.1283        39.3500       0.846137    
 2    1398.08        303.258        264.450        45.3984        43.5000       0.846137    
 2    1398.08        288.903        248.000        50.8717        47.0500       0.846137    
 3    1382.20        346.492        314.800        30.2208        35.5000       0.846137    
 3    1382.20        327.038        294.100        35.5532        39.3000       0.846137    
 3    1382.20        308.194        272.950        41.4969        43.3500       0.846137    
 3    1382.20        289.985        252.550        48.0752        47.8500       0.846137    
 3    1382.20        275.889        236.550        53.8083        51.8500       0.846137    
 4    1358.59        325.882        302.350        33.2852        40.6000       0.846137    
 4    1358.59        306.862        282.050        39.0542        44.0000       0.846137    
 4    1358.59        288.484        261.500        45.4646        49.4000       0.846137    
 4    1358.59        270.769        241.950        52.5379        54.2000       0.846137    
 4    1358.59        257.086        225.850        58.6858        58.6000       0.846137    
 5    1368.71        334.193        310.400        31.5422        40.7000       0.846137    
 5    1368.71        314.947        289.550        37.0867        42.0000       0.846137    
 5    1368.71        296.331        269.100        43.2608        48.5000       0.846137    
 5    1368.71        278.367        249.000        50.0873        50.2500       0.846137    
 5    1368.71        264.479        233.250        56.0310        57.5500       0.846137    
 6    1387.57        350.157        324.600        28.7131        34.3500       0.846137    
 6    1387.57        330.526        301.400        33.8738        37.7500       0.846137    
 6    1387.57        311.501        280.500        39.6408        44.0000       0.846137    
 6    1387.57        293.107        260.000        46.0388        49.0000       0.846137    
 6    1387.57        278.861        243.900        51.6259        49.3000       0.846137    
 1    1398.08        361.305        326.350        28.9274        32.3000       0.841963    
 1    1398.08        341.635        306.350        34.0389        35.5000       0.841963    
 1    1398.08        322.555        284.800        39.7406        39.3500       0.841963    
 1    1398.08        304.088        264.450        46.0561        43.5000       0.841963    
 1    1398.08        289.771        248.000        51.5642        47.0500       0.841963    
 2    1382.20        347.187        314.800        30.7548        35.5000       0.841963    
 2    1382.20        327.783        294.100        36.1348        39.3000       0.841963    
 2    1382.20        308.990        272.950        42.1249        43.3500       0.841963    
 2    1382.20        290.829        252.550        48.7479        47.8500       0.841963    
 2    1382.20        276.770        236.550        54.5149        51.8500       0.841963    
 3    1358.59        326.601        302.350        33.8441        40.6000       0.841963    
 3    1358.59        307.632        282.050        39.6601        44.0000       0.841963    
 3    1358.59        289.303        261.500        46.1158        49.4000       0.841963    
 3    1358.59        271.634        241.950        53.2321        54.2000       0.841963    
 3    1358.59        257.986        225.850        59.4123        58.6000       0.841963    
 4    1368.71        334.899        310.400        32.0890        40.7000       0.841963    
 4    1368.71        315.704        289.550        37.6810        42.0000       0.841963    
 4    1368.71        297.138        269.100        43.9012        48.5000       0.841963    
 4    1368.71        279.222        249.000        50.7717        50.2500       0.841963    
 4    1368.71        265.370        233.250        56.7488        57.5500       0.841963    
 5    1387.57        350.840        324.600        29.2376        34.3500       0.841963    
 5    1387.57        331.261        301.400        34.4466        37.7500       0.841963    
 5    1387.57        312.287        280.500        40.2608        44.0000       0.841963    
 5    1387.57        293.943        260.000        46.7045        49.0000       0.841963    
 5    1387.57        279.734        243.900        52.3265        49.3000       0.841963    
 6    1370.26        335.549        308.550        31.3210        39.6500       0.841963    
 6    1370.26        316.274        287.750        36.8359        42.0000       0.841963    
 6    1370.26        297.627        267.250        42.9785        44.9500       0.841963    
 6    1370.26        279.631        247.250        49.7717        50.0000       0.841963    
 6    1370.26        265.715        231.500        55.6878        57.1500       0.841963    
 1    1382.20        347.991        314.800        31.3759        35.5000       0.835197    
 1    1382.20        328.646        294.100        36.8103        39.3000       0.835197    
 1    1382.20        309.910        272.950        42.8533        43.3500       0.835197    
 1    1382.20        291.805        252.550        49.5271        47.8500       0.835197    
 1    1382.20        277.787        236.550        55.3329        51.8500       0.835197    
 2    1358.59        327.432        302.350        34.4931        40.6000       0.835197    
 2    1358.59        308.521        282.050        40.3627        44.0000       0.835197    
 2    1358.59        290.248        261.500        46.8699        49.4000       0.835197    
 2    1358.59        272.632        241.950        54.0351        54.2000       0.835197    
 2    1358.59        259.024        225.850        60.2520        58.6000       0.835197    
 3    1368.71        335.715        310.400        32.7237        40.7000       0.835197    
 3    1368.71        316.579        289.550        38.3700        42.0000       0.835197    
 3    1368.71        298.070        269.100        44.6427        48.5000       0.835197    
 3    1368.71        280.208        249.000        51.5632        50.2500       0.835197    
 3    1368.71        266.397        233.250        57.5782        57.5500       0.835197    
 4    1387.57        351.630        324.600        29.8467        34.3500       0.835197    
 4    1387.57        332.111        301.400        35.1107        37.7500       0.835197    
 4    1387.57        313.195        280.500        40.9788        44.0000       0.835197    
 4    1387.57        294.906        260.000        47.4743        49.0000       0.835197    
 4    1387.57        280.741        243.900        53.1359        49.3000       0.835197    
 5    1370.26        336.359        308.550        31.9505        39.6500       0.835197    
 5    1370.26        317.143        287.750        37.5200        42.0000       0.835197    
 5    1370.26        298.553        267.250        43.7156        44.9500       0.835197    
 5    1370.26        280.611        247.250        50.5595        50.0000       0.835197    
 5    1370.26        266.737        231.500        56.5139        57.1500       0.835197    
 6    1369.57        335.425        307.450        31.7735        38.8500       0.835197    
 6    1369.57        316.198        286.650        37.3331        42.9500       0.835197    
 6    1369.57        297.598        266.250        43.5203        47.3500       0.835197    
 6    1369.57        279.649        246.150        50.3577        52.2500       0.835197    
 6    1369.57        265.770        230.400        56.3084        56.6000       0.835197    
 1    1358.59        327.929        302.350        34.8784        40.6000       0.826313    
 1    1358.59        309.053        282.050        40.7799        44.0000       0.826313    
 1    1358.59        290.812        261.500        47.3179        49.4000       0.826313    
 1    1358.59        273.229        241.950        54.5123        54.2000       0.826313    
 1    1358.59        259.645        225.850        60.7513        58.6000       0.826313    
 2    1368.71        336.204        310.400        33.1008        40.7000       0.826313    
 2    1368.71        317.103        289.550        38.7794        42.0000       0.826313    
 2    1368.71        298.627        269.100        45.0834        48.5000       0.826313    
 2    1368.71        280.798        249.000        52.0340        50.2500       0.826313    
 2    1368.71        267.012        233.250        58.0716        57.5500       0.826313    
 3    1387.57        352.103        324.600        30.2088        34.3500       0.826313    
 3    1387.57        332.619        301.400        35.5057        37.7500       0.826313    
 3    1387.57        313.738        280.500        41.4058        44.0000       0.826313    
 3    1387.57        295.483        260.000        47.9323        49.0000       0.826313    
 3    1387.57        281.343        243.900        53.6177        49.3000       0.826313    
 4    1370.26        336.844        308.550        32.3250        39.6500       0.826313    
 4    1370.26        317.663        287.750        37.9272        42.0000       0.826313    
 4    1370.26        299.107        267.250        44.1544        44.9500       0.826313    
 4    1370.26        281.199        247.250        51.0286        50.0000       0.826313    
 4    1370.26        267.350        231.500        57.0060        57.1500       0.826313    
 5    1369.57        335.910        307.450        32.1478        38.8500       0.826313    
 5    1369.57        316.718        286.650        37.7401        42.9500       0.826313    
 5    1369.57        298.152        266.250        43.9592        47.3500       0.826313    
 5    1369.57        280.236        246.150        50.8270        52.2500       0.826313    
 5    1369.57        266.382        230.400        56.8008        56.6000       0.826313    
 6    1390.78        353.895        322.850        28.9910        34.5500       0.826313    
 6    1390.78        334.276        301.650        34.1578        38.2500       0.826313    
 6    1390.78        315.258        280.750        39.9257        42.2500       0.826313    
 6    1390.78        296.865        260.250        46.3189        46.0000       0.826313    
 6    1390.78        282.615        244.150        51.8975        50.4500       0.826313    
 1    1368.71        336.461        310.400        33.3252        40.7000       0.842012    
 1    1368.71        317.378        289.550        39.0208        42.0000       0.842012    
 1    1368.71        298.919        269.100        45.3410        48.5000       0.842012    
 1    1368.71        281.106        249.000        52.3066        50.2500       0.842012    
 1    1368.71        267.331        233.250        58.3554        57.5500       0.842012    
 2    1387.57        352.353        324.600        30.4251        34.3500       0.842012    
 2    1387.57        332.886        301.400        35.7394        37.7500       0.842012    
 2    1387.57        314.023        280.500        41.6563        44.0000       0.842012    
 2    1387.57        295.785        260.000        48.1986        49.0000       0.842012    
 2    1387.57        281.657        243.900        53.8958        49.3000       0.842012    
 3    1370.26        337.098        308.550        32.5472        39.6500       0.842012    
 3    1370.26        317.936        287.750        38.1665        42.0000       0.842012    
 3    1370.26        299.397        267.250        44.4101        44.9500       0.842012    
 3    1370.26        281.505        247.250        51.2995        50.0000       0.842012    
 3    1370.26        267.668        231.500        57.2882        57.1500       0.842012    
 4    1369.57        336.164        307.450        32.3695        38.8500       0.842012    
 4    1369.57        316.990        286.650        37.9790        42.9500       0.842012    
 4    1369.57        298.441        266.250        44.2144        47.3500       0.842012    
 4    1369.57        280.541        246.150        51.0975        52.2500       0.842012    
 4    1369.57        266.699        230.400        57.0826        56.6000       0.842012    
 5    1390.78        354.140        322.850        29.2036        34.5500       0.842012    
 5    1390.78        334.539        301.650        34.3880        38.2500       0.842012    
 5    1390.78        315.539        280.750        40.1729        42.2500       0.842012    
 5    1390.78        297.163        260.250        46.5821        46.0000       0.842012    
 5    1390.78        282.925        244.150        52.1728        50.4500       0.842012    
 6    1385.14        348.910        317.450        29.6802        35.6000       0.842012    
 6    1385.14        329.389        296.200        34.9454        39.3500       0.842012    
 6    1385.14        310.475        275.650        40.8186        44.0500       0.842012    
 6    1385.14        292.194        255.150        47.3237        48.1000       0.842012    
 6    1385.14        278.037        239.300        52.9963        52.4000       0.842012    
 1    1387.57        352.393        324.600        30.5318        34.3500       0.842918    
 1    1387.57        332.930        301.400        35.8510        37.7500       0.842918    
 1    1387.57        314.069        280.500        41.7721        44.0000       0.842918    
 1    1387.57        295.833        260.000        48.3177        49.0000       0.842918    
 1    1387.57        281.707        243.900        54.0170        49.3000       0.842918    
 2    1370.26        337.141        308.550        32.6551        39.6500       0.842918    
 2    1370.26        317.981        287.750        38.2790        42.0000       0.842918    
 2    1370.26        299.445        267.250        44.5263        44.9500       0.842918    
 2    1370.26        281.553        247.250        51.4186        50.0000       0.842918    
 2    1370.26        267.717        231.500        57.4090        57.1500       0.842918    
 3    1369.57        336.206        307.450        32.4773        38.8500       0.842918    
 3    1369.57        317.035        286.650        38.0913        42.9500       0.842918    
 3    1369.57        298.489        266.250        44.3305        47.3500       0.842918    
 3    1369.57        280.590        246.150        51.2165        52.2500       0.842918    
 3    1369.57        266.749        230.400        57.2033        56.6000       0.842918    
 4    1390.78        354.181        322.850        29.3093        34.5500       0.842918    
 4    1390.78        334.584        301.650        34.4989        38.2500       0.842918    
 4    1390.78        315.586        280.750        40.2881        42.2500       0.842918    
 4    1390.78        297.212        260.250        46.7009        46.0000       0.842918    
 4    1390.78        282.976        244.150        52.2938        50.4500       0.842918    
 5    1385.14        348.952        317.450        29.7861        35.6000       0.842918    
 5    1385.14        329.434        296.200        35.0564        39.3500       0.842918    
 5    1385.14        310.523        275.650        40.9339        44.0500       0.842918    
 5    1385.14        292.243        255.150        47.4424        48.1000       0.842918    
 5    1385.14        278.087        239.300        53.1172        52.4000       0.842918    
 6    1376.92        341.507        315.000        30.6269        36.2500       0.842918    
 6    1376.92        322.119        291.500        36.0288        40.8000       0.842918    
 6    1376.92        303.349        270.800        42.0489        44.8000       0.842918    
 6    1376.92        285.221        250.550        48.7105        49.6000       0.842918    
 6    1376.92        271.194        234.650        54.5150        53.0000       0.842918    
 1    1370.26        337.273        308.550        32.7129        39.6500       0.841821    
 1    1370.26        318.124        287.750        38.3459        42.0000       0.841821    
 1    1370.26        299.599        267.250        44.6027        44.9500       0.841821    
 1    1370.26        281.719        247.250        51.5047        50.0000       0.841821    
 1    1370.26        267.892        231.500        57.5030        57.1500       0.841821    
 2    1369.57        336.339        307.450        32.5356        38.8500       0.841821    
 2    1369.57        317.179        286.650        38.1588        42.9500       0.841821    
 2    1369.57        298.644        266.250        44.4075        47.3500       0.841821    
 2    1369.57        280.756        246.150        51.3034        52.2500       0.841821    
 2    1369.57        266.925        230.400        57.2981        56.6000       0.841821    
 3    1390.78        354.308        322.850        29.3630        34.5500       0.841821    
 3    1390.78        334.722        301.650        34.5615        38.2500       0.841821    
 3    1390.78        315.736        280.750        40.3601        42.2500       0.841821    
 3    1390.78        297.373        260.250        46.7826        46.0000       0.841821    
 3    1390.78        283.146        244.150        52.3835        50.4500       0.841821    
 4    1385.14        349.081        317.450        29.8415        35.6000       0.841821    
 4    1385.14        329.574        296.200        35.1209        39.3500       0.841821    
 4    1385.14        310.674        275.650        41.0079        44.0500       0.841821    
 4    1385.14        292.406        255.150        47.5262        48.1000       0.841821    
 4    1385.14        278.260        239.300        53.2090        52.4000       0.841821    
 5    1376.92        341.638        315.000        30.6847        36.2500       0.841821    
 5    1376.92        322.261        291.500        36.0958        40.8000       0.841821    
 5    1376.92        303.503        270.800        42.1255        44.8000       0.841821    
 5    1376.92        285.387        250.550        48.7971        49.6000       0.841821    
 5    1376.92        271.369        234.650        54.6096        53.0000       0.841821    
 6    1378.53        342.693        314.650        30.1950        34.9000       0.841821    
 6    1378.53        323.260        293.550        35.5517        38.7000       0.841821    
 6    1378.53        304.444        272.750        41.5257        42.8500       0.841821    
 6    1378.53        286.269        252.400        48.1405        47.2500       0.841821    
 6    1378.53        272.205        236.400        53.9074        51.2000       0.841821    
 1    1369.57        336.489        307.450        32.6676        38.8500       0.836463    
 1    1369.57        317.339        286.650        38.3012        42.9500       0.836463    
 1    1369.57        298.815        266.250        44.5596        47.3500       0.836463    
 1    1369.57        280.937        246.150        51.4646        52.2500       0.836463    
 1    1369.57        267.112        230.400        57.4662        56.6000       0.836463    
 2    1390.78        354.453        322.850        29.4899        34.5500       0.836463    
 2    1390.78        334.878        301.650        34.6989        38.2500       0.836463    
 2    1390.78        315.902        280.750        40.5077        42.2500       0.836463    
 2    1390.78        297.549        260.250        46.9399        46.0000       0.836463    
 2    1390.78        283.330        244.150        52.5480        50.4500       0.836463    
 3    1385.14        349.227        317.450        29.9696        35.6000       0.836463    
 3    1385.14        329.730        296.200        35.2595        39.3500       0.836463    
 3    1385.14        310.842        275.650        41.1566        44.0500       0.836463    
 3    1385.14        292.583        255.150        47.6846        48.1000       0.836463    
 3    1385.14        278.444        239.300        53.3746        52.4000       0.836463    
 4    1376.92        341.786        315.000        30.8145        36.2500       0.836463    
 4    1376.92        322.420        291.500        36.2361        40.8000       0.836463    
 4    1376.92        303.672        270.800        42.2759        44.8000       0.836463    
 4    1376.92        285.565        250.550        48.9570        49.6000       0.836463    
 4    1376.92        271.555        234.650        54.7767        53.0000       0.836463    
 5    1378.53        342.840        314.650        30.3243        34.9000       0.836463    
 5    1378.53        323.418        293.550        35.6916        38.7000       0.836463    
 5    1378.53        304.613        272.750        41.6757        42.8500       0.836463    
 5    1378.53        286.448        252.400        48.3001        47.2500       0.836463    
 5    1378.53        272.390        236.400        54.0742        51.2000       0.836463    
 6    1366.94        332.525        305.350        31.6652        37.7000       0.836463    
 6    1366.94        313.303        284.550        37.2335        41.7500       0.836463    
 6    1366.94        294.713        264.000        43.4339        46.1500       0.836463    
 6    1366.94        276.777        243.900        50.2893        50.8500       0.836463    
 6    1366.94        262.913        228.150        56.2580        55.0500       0.836463    
 1    1390.78        354.316        322.850        29.3879        34.5500       0.824584    
 1    1390.78        334.732        301.650        34.5890        38.2500       0.824584    
 1    1390.78        315.748        280.750        40.3903        42.2500       0.824584    
 1    1390.78        297.388        260.250        46.8155        46.0000       0.824584    
 1    1390.78        283.163        244.150        52.4185        50.4500       0.824584    
 2    1385.14        349.090        317.450        29.8672        35.6000       0.824584    
 2    1385.14        329.585        296.200        35.1492        39.3500       0.824584    
 2    1385.14        310.688        275.650        41.0390        44.0500       0.824584    
 2    1385.14        292.422        255.150        47.5600        48.1000       0.824584    
 2    1385.14        278.278        239.300        53.2450        52.4000       0.824584    
 3    1376.92        341.648        315.000        30.7113        36.2500       0.824584    
 3    1376.92        322.274        291.500        36.1252        40.8000       0.824584    
 3    1376.92        303.518        270.800        42.1577        44.8000       0.824584    
 3    1376.92        285.404        250.550        48.8320        49.6000       0.824584    
 3    1376.92        271.388        234.650        54.6467        53.0000       0.824584    
 4    1378.53        342.703        314.650        30.2219        34.9000       0.824584    
 4    1378.53        323.273        293.550        35.5815        38.7000       0.824584    
 4    1378.53        304.460        272.750        41.5582        42.8500       0.824584    
 4    1378.53        286.287        252.400        48.1759        47.2500       0.824584    
 4    1378.53        272.224        236.400        53.9450        51.2000       0.824584    
 5    1366.94        332.388        305.350        31.5615        37.7000       0.824584    
 5    1366.94        313.157        284.550        37.1221        41.7500       0.824584    
 5    1366.94        294.559        264.000        43.3154        46.1500       0.824584    
 5    1366.94        276.616        243.900        50.1643        50.8500       0.824584    
 5    1366.94        262.747        228.150        56.1282        55.0500       0.824584    
 6    1371.97        336.373        310.050        30.5826        35.5000       0.824584    
 6    1371.97        317.019        289.050        36.0210        39.3500       0.824584    
 6    1371.97        298.291        268.300        42.0864        43.8000       0.824584    
 6    1371.97        280.214        248.000        48.8025        48.1500       0.824584    
 6    1371.97        266.234        232.100        54.6573        52.1500       0.824584    
 1    1385.14        348.795        317.450        29.6610        35.6000       0.818146    
 1    1385.14        329.270        296.200        34.9244        39.3500       0.818146    
 1    1385.14        310.353        275.650        40.7960        44.0500       0.818146    
 1    1385.14        292.067        255.150        47.2996        48.1000       0.818146    
 1    1385.14        277.908        239.300        52.9712        52.4000       0.818146    
 2    1376.92        341.352        315.000        30.5029        36.2500       0.818146    
 2    1376.92        321.957        291.500        35.8982        40.8000       0.818146    
 2    1376.92        303.181        270.800        41.9127        44.8000       0.818146    
 2    1376.92        285.048        250.550        48.5698        49.6000       0.818146    
 2    1376.92        271.017        234.650        54.3714        53.0000       0.818146    
 3    1378.53        342.410        314.650        30.0156        34.9000       0.818146    
 3    1378.53        322.959        293.550        35.3565        38.7000       0.818146    
 3    1378.53        304.125        272.750        41.3152        42.8500       0.818146    
 3    1378.53        285.934        252.400        47.9156        47.2500       0.818146    
 3    1378.53        271.856        236.400        53.6716        51.2000       0.818146    
 4    1366.94        332.091        305.350        31.3514        37.7000       0.818146    
 4    1366.94        312.840        284.550        36.8937        41.7500       0.818146    
 4    1366.94        294.222        264.000        43.0692        46.1500       0.818146    
 4    1366.94        276.260        243.900        49.9010        50.8500       0.818146    
 4    1366.94        262.376        228.150        55.8522        55.0500       0.818146    
 5    1371.97        336.081        310.050        30.3761        35.5000       0.818146    
 5    1371.97        316.706        289.050        35.7961        39.3500       0.818146    
 5    1371.97        297.958        268.300        41.8435        43.8000       0.818146    
 5    1371.97        279.862        248.000        48.5424        48.1500       0.818146    
 5    1371.97        265.868        232.100        54.3842        52.1500       0.818146    
 6    1390.69        351.990        322.500        27.6313        31.2000       0.818146    
 6    1390.69        332.235        301.150        32.6724        34.6000       0.818146    
 6    1390.69        313.083        279.950        38.3173        38.4000       0.818146    
 6    1390.69        294.561        259.250        44.5918        43.1000       0.818146    
 6    1390.69        280.212        243.000        50.0798        46.2500       0.818146    
 1    1376.92        340.691        315.000        30.0217        36.2500       0.808974    
 1    1376.92        321.249        291.500        35.3738        40.8000       0.808974    
 1    1376.92        302.427        270.800        41.3461        44.8000       0.808974    
 1    1376.92        284.249        250.550        47.9627        49.6000       0.808974    
 1    1376.92        270.184        234.650        53.7337        53.0000       0.808974    
 2    1378.53        341.753        314.650        29.5378        34.9000       0.808974    
 2    1378.53        322.254        293.550        34.8354        38.7000       0.808974    
 2    1378.53        303.374        272.750        40.7517        42.8500       0.808974    
 2    1378.53        285.138        252.400        47.3114        47.2500       0.808974    
 2    1378.53        271.026        236.400        53.0364        51.2000       0.808974    
 3    1366.94        331.425        305.350        30.8636        37.7000       0.808974    
 3    1366.94        312.126        284.550        36.3627        41.7500       0.808974    
 3    1366.94        293.462        264.000        42.4962        46.1500       0.808974    
 3    1366.94        275.457        243.900        49.2880        50.8500       0.808974    
 3    1366.94        261.539        228.150        55.2089        55.0500       0.808974    
 4    1371.97        335.422        310.050        29.8951        35.5000       0.808974    
 4    1371.97        316.000        289.050        35.2716        39.3500       0.808974    
 4    1371.97        297.206        268.300        41.2767        43.8000       0.808974    
 4    1371.97        279.065        248.000        47.9351        48.1500       0.808974    
 4    1371.97        265.037        232.100        53.7462        52.1500       0.808974    
 5    1390.69        351.354        322.500        27.1714        31.2000       0.808974    
 5    1390.69        331.550        301.150        32.1685        34.6000       0.808974    
 5    1390.69        312.351        279.950        37.7702        38.4000       0.808974    
 5    1390.69        293.783        259.250        44.0028        43.1000       0.808974    
 5    1390.69        279.398        243.000        49.4588        46.2500       0.808974    
 6    1399.98        359.182        330.050        25.7738        28.6500       0.808974    
 6    1399.98        339.184        308.350        30.5775        31.8500       0.808974    
 6    1399.98        319.778        287.050        35.9737        35.4500       0.808974    
 6    1399.98        300.992        266.050        41.9900        39.3500       0.808974    
 6    1399.98        286.426        249.550        47.2657        42.7500       0.808974    
 1    1378.53        341.328        314.650        29.2347        34.9000       0.800609    
 1    1378.53        321.799        293.550        34.5043        38.7000       0.800609    
 1    1378.53        302.889        272.750        40.3933        42.8500       0.800609    
 1    1378.53        284.624        252.400        46.9268        47.2500       0.800609    
 1    1378.53        270.490        236.400        52.6318        51.2000       0.800609    
 2    1366.94        330.994        305.350        30.5536        37.7000       0.800609    
 2    1366.94        311.665        284.550        36.0248        41.7500       0.800609    
 2    1366.94        292.971        264.000        42.1313        46.1500       0.800609    
 2    1366.94        274.936        243.900        48.8973        50.8500       0.800609    
 2    1366.94        260.997        228.150        54.7986        55.0500       0.800609    
 3    1371.97        334.996        310.050        29.5892        35.5000       0.800609    
 3    1371.97        315.542        289.050        34.9376        39.3500       0.800609    
 3    1371.97        296.718        268.300        40.9154        43.8000       0.800609    
 3    1371.97        278.548        248.000        47.5476        48.1500       0.800609    
 3    1371.97        264.498        232.100        53.3388        52.1500       0.800609    
 4    1390.69        350.941        322.500        26.8788        31.2000       0.800609    
 4    1390.69        331.106        301.150        31.8475        34.6000       0.800609    
 4    1390.69        311.876        279.950        37.4212        38.4000       0.800609    
 4    1390.69        293.279        259.250        43.6268        43.1000       0.800609    
 4    1390.69        278.871        243.000        49.0620        46.2500       0.800609    
 5    1399.98        358.777        330.050        25.4882        28.6500       0.800609    
 5    1399.98        338.747        308.350        30.2634        31.8500       0.800609    
 5    1399.98        319.310        287.050        35.6314        35.4500       0.800609    
 5    1399.98        300.494        266.050        41.6202        39.3500       0.800609    
 5    1399.98        285.904        249.550        46.8747        42.7500       0.800609    
 6    1403.36        361.444        331.650        24.8391        28.6500       0.800609    
 6    1403.36        341.328        309.850        29.5293        31.8500       0.800609    
 6    1403.36        321.801        288.450        34.8082        35.3500       0.800609    
 6    1403.36        302.890        267.450        40.7041        39.3000       0.800609    
 6    1403.36        288.223        249.900        45.8820        42.6500       0.800609    
 1    1366.94        330.731        305.350        30.3551        37.7000       0.801154    
 1    1366.94        311.383        284.550        35.8093        41.7500       0.801154    
 1    1366.94        292.671        264.000        41.8994        46.1500       0.801154    
 1    1366.94        274.620        243.900        48.6499        50.8500       0.801154    
 1    1366.94        260.668        228.150        54.5397        55.0500       0.801154    
 2    1371.97        334.736        310.050        29.3939        35.5000       0.801154    
 2    1371.97        315.264        289.050        34.7253        39.3500       0.801154    
 2    1371.97        296.422        268.300        40.6866        43.8000       0.801154    
 2    1371.97        278.235        248.000        47.3031        48.1500       0.801154    
 2    1371.97        264.171        232.100        53.0825        52.1500       0.801154    
 3    1390.69        350.690        322.500        26.6923        31.2000       0.801154    
 3    1390.69        330.836        301.150        31.6437        34.6000       0.801154    
 3    1390.69        311.588        279.950        37.2005        38.4000       0.801154    
 3    1390.69        292.973        259.250        43.3899        43.1000       0.801154    
 3    1390.69        278.552        243.000        48.8127        46.2500       0.801154    
 4    1399.98        358.531        330.050        25.3068        28.6500       0.801154    
 4    1399.98        338.482        308.350        30.0645        31.8500       0.801154    
 4    1399.98        319.027        287.050        35.4155        35.4500       0.801154    
 4    1399.98        300.193        266.050        41.3878        39.3500       0.801154    
 4    1399.98        285.590        249.550        46.6297        42.7500       0.801154    
 5    1403.36        361.202        331.650        24.6602        28.6500       0.801154    
 5    1403.36        341.067        309.850        29.3331        31.8500       0.801154    
 5    1403.36        321.521        288.450        34.5948        35.3500       0.801154    
 5    1403.36        302.592        267.450        40.4742        39.3000       0.801154    
 5    1403.36        287.911        249.900        45.6394        42.6500       0.801154    
 6    1397.91        356.086        326.550        25.0563        29.0500       0.801154    
 6    1397.91        336.022        304.950        29.8023        32.0000       0.801154    
 6    1397.91        316.556        283.650        35.1450        35.9500       0.801154    
 6    1397.91        297.715        262.650        41.1131        39.8500       0.801154    
 6    1397.91        283.109        246.250        46.3548        43.3500       0.801154    
 1    1371.97        334.374        310.050        29.1397        35.5000       0.788013    
 1    1371.97        314.875        289.050        34.4468        39.3500       0.788013    
 1    1371.97        296.006        268.300        40.3842        43.8000       0.788013    
 1    1371.97        277.794        248.000        46.9778        48.1500       0.788013    
 1    1371.97        263.711        232.100        52.7396        52.1500       0.788013    
 2    1390.69        350.340        322.500        26.4499        31.2000       0.788013    
 2    1390.69        330.460        301.150        31.3768        34.6000       0.788013    
 2    1390.69        311.185        279.950        36.9094        38.4000       0.788013    
 2    1390.69        292.543        259.250        43.0752        43.1000       0.788013    
 2    1390.69        278.102        243.000        48.4798        46.2500       0.788013    
 3    1399.98        358.188        330.050        25.0708        28.6500       0.788013    
 3    1399.98        338.112        308.350        29.8040        31.8500       0.788013    
 3    1399.98        318.630        287.050        35.1305        35.4500       0.788013    
 3    1399.98        299.770        266.050        41.0789        39.3500       0.788013    
 3    1399.98        285.146        249.550        46.3023        42.7500       0.788013    
 4    1403.36        360.862        331.650        24.4272        28.6500       0.788013    
 4    1403.36        340.700        309.850        29.0754        31.8500       0.788013    
 4    1403.36        321.127        288.450        34.3127        35.3500       0.788013    
 4    1403.36        302.172        267.450        40.1679        39.3000       0.788013    
 4    1403.36        287.470        249.900        45.3145        42.6500       0.788013    
 5    1397.91        355.744        326.550        24.8211        29.0500       0.788013    
 5    1397.91        335.654        304.950        29.5423        32.0000       0.788013    
 5    1397.91        316.160        283.650        34.8605        35.9500       0.788013    
 5    1397.91        297.292        262.650        40.8046        39.8500       0.788013    
 5    1397.91        282.666        246.250        46.0277        43.3500       0.788013    
 6    1405.82        362.428        332.400        23.6568        27.7000       0.788013    
 6    1405.82        342.170        310.700        28.2120        30.8500       0.788013    
 6    1405.82        322.498        289.250        33.3533        34.3000       0.788013    
 6    1405.82        303.442        268.150        39.1106        38.1000       0.788013    
 6    1405.82        288.659        251.550        44.1778        41.4500       0.788013    
 1    1390.69        350.123        322.500        26.3048        31.2000       0.785552    
 1    1390.69        330.227        301.150        31.2177        34.6000       0.785552    
 1    1390.69        310.937        279.950        36.7366        38.4000       0.785552    
 1    1390.69        292.280        259.250        42.8891        43.1000       0.785552    
 1    1390.69        277.827        243.000        48.2836        46.2500       0.785552    
 2    1399.98        357.975        330.050        24.9293        28.6500       0.785552    
 2    1399.98        337.883        308.350        29.6484        31.8500       0.785552    
 2    1399.98        318.385        287.050        34.9611        35.4500       0.785552    
 2    1399.98        299.510        266.050        40.8960        39.3500       0.785552    
 2    1399.98        284.875        249.550        46.1091        42.7500       0.785552    
 3    1403.36        360.651        331.650        24.2874        28.6500       0.785552    
 3    1403.36        340.473        309.850        28.9215        31.8500       0.785552    
 3    1403.36        320.884        288.450        34.1448        35.3500       0.785552    
 3    1403.36        301.914        267.450        39.9865        39.3000       0.785552    
 3    1403.36        287.201        249.900        45.1226        42.6500       0.785552    
 4    1397.91        355.532        326.550        24.6800        29.0500       0.785552    
 4    1397.91        335.426        304.950        29.3871        32.0000       0.785552    
 4    1397.91        315.916        283.650        34.6913        35.9500       0.785552    
 4    1397.91        297.034        262.650        40.6219        39.8500       0.785552    
 4    1397.91        282.396        246.250        45.8347        43.3500       0.785552    
 5    1405.82        362.219        332.400        23.5189        27.7000       0.785552    
 5    1405.82        341.945        310.700        28.0600        30.8500       0.785552    
 5    1405.82        322.258        289.250        33.1872        34.3000       0.785552    
 5    1405.82        303.186        268.150        38.9308        38.1000       0.785552    
 5    1405.82        288.391        251.550        43.9875        41.4500       0.785552    
 6    1402.31        358.806        329.550        23.6773        27.9500       0.785552    
 6    1402.31        338.569        307.850        28.2557        31.0000       0.785552    
 6    1402.31        318.922        286.450        33.4256        34.6500       0.785552    
 6    1402.31        299.897        265.400        39.2171        38.5500       0.785552    
 6    1402.31        285.143        248.900        44.3160        41.9500       0.785552    
 1    1399.98        357.976        330.050        24.9378        28.6500       0.794016    
 1    1399.98        337.886        308.350        29.6577        31.8500       0.794016    
 1    1399.98        318.388        287.050        34.9711        35.4500       0.794016    
 1    1399.98        299.513        266.050        40.9068        39.3500       0.794016    
 1    1399.98        284.879        249.550        46.1204        42.7500       0.794016    
 2    1403.36        360.653        331.650        24.2962        28.6500       0.794016    
 2    1403.36        340.476        309.850        28.9311        31.8500       0.794016    
 2    1403.36        320.888        288.450        34.1552        35.3500       0.794016    
 2    1403.36        301.918        267.450        39.9977        39.3000       0.794016    
 2    1403.36        287.205        249.900        45.1344        42.6500       0.794016    
 3    1397.91        355.535        326.550        24.6892        29.0500       0.794016    
 3    1397.91        335.429        304.950        29.3972        32.0000       0.794016    
 3    1397.91        315.920        283.650        34.7022        35.9500       0.794016    
 3    1397.91        297.038        262.650        40.6336        39.8500       0.794016    
 3    1397.91        282.401        246.250        45.8469        43.3500       0.794016    
 4    1405.82        362.222        332.400        23.5283        27.7000       0.794016    
 4    1405.82        341.949        310.700        28.0702        30.8500       0.794016    
 4    1405.82        322.262        289.250        33.1983        34.3000       0.794016    
 4    1405.82        303.191        268.150        38.9428        38.1000       0.794016    
 4    1405.82        288.397        251.550        44.0001        41.4500       0.794016    
 5    1402.31        358.810        329.550        23.6871        27.9500       0.794016    
 5    1402.31        338.573        307.850        28.2664        31.0000       0.794016    
 5    1402.31        318.927        286.450        33.4372        34.6500       0.794016    
 5    1402.31        299.903        265.400        39.2296        38.5500       0.794016    
 5    1402.31        285.149        248.900        44.3291        41.9500       0.794016    
 6    1391.57        349.024        319.450        24.7021        29.5500       0.794016    
 6    1391.57        328.956        297.950        29.4516        33.0000       0.794016    
 6    1391.57        309.495        276.750        34.8081        36.6000       0.794016    
 6    1391.57        290.670        255.950        40.8015        40.7000       0.794016    
 6    1391.57        276.087        239.600        46.0725        44.2500       0.794016    
 1    1403.36        360.858        331.650        24.4865        28.6500       0.807191    
 1    1403.36        340.699        309.850        29.1389        31.8500       0.807191    
 1    1403.36        321.128        288.450        34.3801        35.3500       0.807191    
 1    1403.36        302.175        267.450        40.2390        39.3000       0.807191    
 1    1403.36        287.475        249.900        45.3882        42.6500       0.807191    
 2    1397.91        355.741        326.550        24.8809        29.0500       0.807191    
 2    1397.91        335.653        304.950        29.6064        32.0000       0.807191    
 2    1397.91        316.162        283.650        34.9286        35.9500       0.807191    
 2    1397.91        297.297        262.650        40.8763        39.8500       0.807191    
 2    1397.91        282.672        246.250        46.1021        43.3500       0.807191    
 3    1405.82        362.424        332.400        23.7160        27.7000       0.807191    
 3    1405.82        342.169        310.700        28.2756        30.8500       0.807191    
 3    1405.82        322.500        289.250        33.4210        34.3000       0.807191    
 3    1405.82        303.446        268.150        39.1821        38.1000       0.807191    
 3    1405.82        288.665        251.550        44.2521        41.4500       0.807191    
 4    1402.31        359.013        329.550        23.8755        27.9500       0.807191    
 4    1402.31        338.794        307.850        28.4725        31.0000       0.807191    
 4    1402.31        319.166        286.450        33.6606        34.6500       0.807191    
 4    1402.31        300.159        265.400        39.4696        38.5500       0.807191    
 4    1402.31        285.418        248.900        44.5818        41.9500       0.807191    
 5    1391.57        349.231        319.450        24.8942        29.5500       0.807191    
 5    1391.57        329.181        297.950        29.6613        33.0000       0.807191    
 5    1391.57        309.737        276.750        35.0349        36.6000       0.807191    
 5    1391.57        290.929        255.950        41.0447        40.7000       0.807191    
 5    1391.57        276.358        239.600        46.3281        44.2500       0.807191    
 6    1369.10        329.287        301.550        27.4796        34.0000       0.807191    
 6    1369.10        309.640        280.450        32.6519        35.7000       0.807191    
 6    1369.10        290.633        259.700        38.4634        39.7000       0.807191    
 6    1369.10        272.293        239.250        44.9423        46.4000       0.807191    
 6    1369.10        258.117        223.350        50.6221        50.4000       0.807191    
 1    1397.91        355.840        326.550        24.9490        29.0500       0.814273    
 1    1397.91        335.761        304.950        29.6826        32.0000       0.814273    
 1    1397.91        316.279        283.650        35.0130        35.9500       0.814273    
 1    1397.91        297.422        262.650        40.9690        39.8500       0.814273    
 1    1397.91        282.805        246.250        46.2013        43.3500       0.814273    
 2    1405.82        362.521        332.400        23.7827        27.7000       0.814273    
 2    1405.82        342.275        310.700        28.3505        30.8500       0.814273    
 2    1405.82        322.615        289.250        33.5042        34.3000       0.814273    
 2    1405.82        303.571        268.150        39.2736        38.1000       0.814273    
 2    1405.82        288.796        251.550        44.3502        41.4500       0.814273    
 3    1402.31        359.111        329.550        23.9431        27.9500       0.814273    
 3    1402.31        338.901        307.850        28.5484        31.0000       0.814273    
 3    1402.31        319.282        286.450        33.7448        34.6500       0.814273    
 3    1402.31        300.284        265.400        39.5622        38.5500       0.814273    
 3    1402.31        285.550        248.900        44.6811        41.9500       0.814273    
 4    1391.57        349.331        319.450        24.9642        29.5500       0.814273    
 4    1391.57        329.290        297.950        29.7397        33.0000       0.814273    
 4    1391.57        309.855        276.750        35.1218        36.6000       0.814273    
 4    1391.57        291.057        255.950        41.1401        40.7000       0.814273    
 4    1391.57        276.494        239.600        46.4301        44.2500       0.814273    
 5    1369.10        329.392        301.550        27.5546        34.0000       0.814273    
 5    1369.10        309.755        280.450        32.7354        35.7000       0.814273    
 5    1369.10        290.757        259.700        38.5555        39.7000       0.814273    
 5    1369.10        272.426        239.250        45.0428        46.4000       0.814273    
 5    1369.10        258.258        223.350        50.7292        50.4000       0.814273    
 6    1369.58        329.487        301.850        27.2302        32.6000       0.814273    
 6    1369.58        309.814        280.700        32.3767        36.0000       0.814273    
 6    1369.58        290.780        259.900        38.1625        40.4500       0.814273    
 6    1369.58        272.414        239.500        44.6158        44.9500       0.814273    
 6    1369.58        258.218        223.550        50.2755        48.9000       0.814273    
 1    1405.82        362.781        332.400        23.9924        27.7000       0.827376    
 1    1405.82        342.558        310.700        28.5814        30.8500       0.827376    
 1    1405.82        322.920        289.250        33.7562        34.3000       0.827376    
 1    1405.82        303.897        268.150        39.5462        38.1000       0.827376    
 1    1405.82        289.139        251.550        44.6388        41.4500       0.827376    
 2    1402.31        359.372        329.550        24.1539        27.9500       0.827376    
 2    1402.31        339.184        307.850        28.7806        31.0000       0.827376    
 2    1402.31        319.587        286.450        33.9981        34.6500       0.827376    
 2    1402.31        300.611        265.400        39.8362        38.5500       0.827376    
 2    1402.31        285.895        248.900        44.9710        41.9500       0.827376    
 3    1391.57        349.597        319.450        25.1799        29.5500       0.827376    
 3    1391.57        329.578        297.950        29.9767        33.0000       0.827376    
 3    1391.57        310.166        276.750        35.3800        36.6000       0.827376    
 3    1391.57        291.389        255.950        41.4187        40.7000       0.827376    
 3    1391.57        276.842        239.600        46.7245        44.2500       0.827376    
 4    1369.10        329.669        301.550        27.7812        34.0000       0.827376    
 4    1369.10        310.054        280.450        32.9833        35.7000       0.827376    
 4    1369.10        291.077        259.700        38.8241        39.7000       0.827376    
 4    1369.10        272.768        239.250        45.3314        46.4000       0.827376    
 4    1369.10        258.615        223.350        51.0329        50.4000       0.827376    
 5    1369.58        329.763        301.850        27.4559        32.6000       0.827376    
 5    1369.58        310.112        280.700        32.6239        36.0000       0.827376    
 5    1369.58        291.100        259.900        38.4305        40.4500       0.827376    
 5    1369.58        272.755        239.500        44.9039        44.9500       0.827376    
 5    1369.58        258.575        223.550        50.5788        48.9000       0.827376    
 6    1363.72        324.365        296.950        27.9787        34.0500       0.827376    
 6    1363.72        304.806        275.950        33.2391        37.6500       0.827376    
 6    1363.72        285.894        255.250        39.1472        42.1500       0.827376    
 6    1363.72        267.658        235.050        45.7309        48.5000       0.827376    
 6    1363.72        253.571        219.150        51.5003        50.8500       0.827376    
 1    1402.31        359.750        329.550        24.4503        27.9500       0.840564    
 1    1402.31        339.594        307.850        29.1067        31.0000       0.840564    
 1    1402.31        320.029        286.450        34.3535        34.6500       0.840564    
 1    1402.31        301.083        265.400        40.2201        38.5500       0.840564    
 1    1402.31        286.390        248.900        45.3769        41.9500       0.840564    
 2    1391.57        349.982        319.450        25.4830        29.5500       0.840564    
 2    1391.57        329.994        297.950        30.3096        33.0000       0.840564    
 2    1391.57        310.613        276.750        35.7420        36.6000       0.840564    
 2    1391.57        291.867        255.950        41.8091        40.7000       0.840564    
 2    1391.57        277.343        239.600        47.1365        44.2500       0.840564    
 3    1369.10        330.068        301.550        28.0993        34.0000       0.840564    
 3    1369.10        310.484        280.450        33.3309        35.7000       0.840564    
 3    1369.10        291.539        259.700        39.2005        39.7000       0.840564    
 3    1369.10        273.258        239.250        45.7352        46.4000       0.840564    
 3    1369.10        259.129        223.350        51.4575        50.4000       0.840564    
 4    1369.58        330.161        301.850        27.7730        32.6000       0.840564    
 4    1369.58        310.542        280.700        32.9706        36.0000       0.840564    
 4    1369.58        291.560        259.900        38.8061        40.4500       0.840564    
 4    1369.58        273.245        239.500        45.3071        44.9500       0.840564    
 4    1369.58        259.087        223.550        51.0030        48.9000       0.840564    
 5    1363.72        324.766        296.950        28.2992        34.0500       0.840564    
 5    1363.72        305.238        275.950        33.5892        37.6500       0.840564    
 5    1363.72        286.357        255.250        39.5261        42.1500       0.840564    
 5    1363.72        268.150        235.050        46.1373        48.5000       0.840564    
 5    1363.72        254.086        219.150        51.9275        50.8500       0.840564    
 6    1354.58        316.567        291.200        29.3001        36.0500       0.840564    
 6    1354.58        297.200        270.400        34.7525        41.0000       0.840564    
 6    1354.58        278.493        249.950        40.8655        44.6000       0.840564    
 6    1354.58        260.475        229.900        47.6661        49.4500       0.840564    
 6    1354.58        246.570        214.300        53.6168        53.7000       0.840564    
 1    1391.57        350.286        319.450        25.7311        29.5500       0.836762    
 1    1391.57        330.324        297.950        30.5823        33.0000       0.836762    
 1    1391.57        310.969        276.750        36.0390        36.6000       0.836762    
 1    1391.57        292.247        255.950        42.1297        40.7000       0.836762    
 1    1391.57        277.743        239.600        47.4754        44.2500       0.836762    
 2    1369.10        330.384        301.550        28.3598        34.0000       0.836762    
 2    1369.10        310.826        280.450        33.6160        35.7000       0.836762    
 2    1369.10        291.906        259.700        39.5095        39.7000       0.836762    
 2    1369.10        273.650        239.250        46.0672        46.4000       0.836762    
 2    1369.10        259.539        223.350        51.8070        50.4000       0.836762    
 3    1369.58        330.476        301.850        28.0325        32.6000       0.836762    
 3    1369.58        310.883        280.700        33.2547        36.0000       0.836762    
 3    1369.58        291.927        259.900        39.1143        40.4500       0.836762    
 3    1369.58        273.636        239.500        45.6384        44.9500       0.836762    
 3    1369.58        259.497        223.550        51.3519        48.9000       0.836762    
 4    1363.72        325.084        296.950        28.5614        34.0500       0.836762    
 4    1363.72        305.582        275.950        33.8761        37.6500       0.836762    
 4    1363.72        286.726        255.250        39.8370        42.1500       0.836762    
 4    1363.72        268.543        235.050        46.4712        48.5000       0.836762    
 4    1363.72        254.498        219.150        52.2788        50.8500       0.836762    
 5    1354.58        316.889        291.200        29.5671        36.0500       0.836762    
 5    1354.58        297.548        270.400        35.0440        41.0000       0.836762    
 5    1354.58        278.867        249.950        41.1809        44.6000       0.836762    
 5    1354.58        260.872        229.900        48.0042        49.4500       0.836762    
 5    1354.58        246.985        214.300        53.9721        53.7000       0.836762    
 6    1357.99        319.491        295.200        28.8193        34.4000       0.836762    
 6    1357.99        300.053        274.250        34.2014        38.3500       0.836762    
 6    1357.99        281.271        253.600        40.2393        42.6000       0.836762    
 6    1357.99        263.173        233.400        46.9603        47.3000       0.836762    
 6    1357.99        249.201        217.600        52.8444        51.4000       0.836762    
 1    1369.10        330.704        301.550        28.6171        34.0000       0.831388    
 1    1369.10        311.171        280.450        33.8972        35.7000       0.831388    
 1    1369.10        292.276        259.700        39.8140        39.7000       0.831388    
 1    1369.10        274.044        239.250        46.3942        46.4000       0.831388    
 1    1369.10        259.951        223.350        52.1510        50.4000       0.831388    
 2    1369.58        330.794        301.850        28.2889        32.6000       0.831388    
 2    1369.58        311.226        280.700        33.5352        36.0000       0.831388    
 2    1369.58        292.296        259.900        39.4182        40.4500       0.831388    
 2    1369.58        274.028        239.500        45.9649        44.9500       0.831388    
 2    1369.58        259.908        223.550        51.6955        48.9000       0.831388    
 3    1363.72        325.405        296.950        28.8206        34.0500       0.831388    
 3    1363.72        305.928        275.950        34.1594        37.6500       0.831388    
 3    1363.72        287.097        255.250        40.1437        42.1500       0.831388    
 3    1363.72        268.939        235.050        46.8003        48.5000       0.831388    
 3    1363.72        254.911        219.150        52.6249        50.8500       0.831388    
 4    1354.58        317.214        291.200        29.8309        36.0500       0.831388    
 4    1354.58        297.899        270.400        35.3319        41.0000       0.831388    
 4    1354.58        279.242        249.950        41.4920        44.6000       0.831388    
 4    1354.58        261.271        229.900        48.3375        49.4500       0.831388    
 4    1354.58        247.402        214.300        54.3221        53.7000       0.831388    
 5    1357.99        319.813        295.200        29.0806        34.4000       0.831388    
 5    1357.99        300.401        274.250        34.4869        38.3500       0.831388    
 5    1357.99        281.645        253.600        40.5483        42.6000       0.831388    
 5    1357.99        263.570        233.400        47.2918        47.3000       0.831388    
 5    1357.99        249.616        217.600        53.1928        51.4000       0.831388    
 6    1353.39        315.532        289.900        29.4597        34.0000       0.831388    
 6    1353.39        296.189        269.100        34.9365        40.0000       0.831388    
 6    1353.39        277.509        248.650        41.0758        44.3000       0.831388    
 6    1353.39        259.518        228.650        47.9044        49.1500       0.831388    
 6    1353.39        245.636        213.050        53.8786        53.4500       0.831388    
