 1    1419.04        382.537        344.000        24.9202        27.9000       0.916848    
 1    1419.04        362.356        323.250        29.6462        30.9000       0.916848    
 1    1419.04        342.760        301.750        34.9569        34.3000       0.916848    
 1    1419.04        323.774        280.350        40.8779        37.5500       0.916848    
 1    1419.04        309.040        263.550        46.0692        40.8500       0.916848    
 2    1413.38        377.353        341.900        25.4517        28.4500       0.916848    
 2    1413.38        357.258        321.150        30.2636        31.9500       0.916848    
 2    1413.38        337.755        299.550        35.6675        34.8000       0.916848    
 2    1413.38        318.869        277.450        41.6888        38.6500       0.916848    
 2    1413.38        304.219        260.600        46.9651        41.8500       0.916848    
 3    1398.96        364.456        329.200        27.0884        31.1500       0.916848    
 3    1398.96        344.609        307.700        32.1485        34.8500       0.916848    
 3    1398.96        325.372        286.500        37.8189        37.9500       0.916848    
 3    1398.96        306.769        265.650        44.1242        42.1500       0.916848    
 3    1398.96        292.359        249.300        49.6395        45.7500       0.916848    
 4    1398.08        363.521        326.350        27.0560        32.3000       0.916848    
 4    1398.08        343.676        306.350        32.1184        35.5000       0.916848    
 4    1398.08        324.442        284.800        37.7926        39.3500       0.916848    
 4    1398.08        305.845        264.450        44.1031        43.5000       0.916848    
 4    1398.08        291.439        248.000        49.6236        47.0500       0.916848    
 5    1398.08        363.361        326.350        26.9115        32.3000       0.916848    
 5    1398.08        343.501        306.350        31.9600        35.5000       0.916848    
 5    1398.08        324.253        284.800        37.6203        39.3500       0.916848    
 5    1398.08        305.641        264.450        43.9174        43.5000       0.916848    
 5    1398.08        291.225        248.000        49.4276        47.0500       0.916848    
 6    1382.20        349.293        314.800        28.8479        35.5000       0.916848    
 6    1382.20        329.721        294.100        34.1849        39.3000       0.916848    
 6    1382.20        310.782        272.950        40.1543        43.3500       0.916848    
 6    1382.20        292.499        252.550        46.7796        47.8500       0.916848    
 6    1382.20        278.357        236.550        52.5651        51.8500       0.916848    
 1    1413.38        376.694        341.900        26.6555        28.4500       0.884216    
 1    1413.38        356.728        321.150        31.5986        31.9500       0.884216    
 1    1413.38        337.355        299.550        37.1353        34.8000       0.884216    
 1    1413.38        318.600        277.450        43.2896        38.6500       0.884216    
 1    1413.38        304.055        260.600        48.6717        41.8500       0.884216    
 2    1398.96        363.857        329.200        28.3334        31.1500       0.884216    
 2    1398.96        344.139        307.700        33.5256        34.8500       0.884216    
 2    1398.96        325.033        286.500        39.3292        37.9500       0.884216    
 2    1398.96        306.561        265.650        45.7672        42.1500       0.884216    
 2    1398.96        292.254        249.300        51.3876        45.7500       0.884216    
 3    1398.08        362.922        326.350        28.3000        32.3000       0.884216    
 3    1398.08        343.207        306.350        33.4946        35.5000       0.884216    
 3    1398.08        324.104        284.800        39.3020        39.3500       0.884216    
 3    1398.08        305.637        264.450        45.7453        43.5000       0.884216    
 3    1398.08        291.335        248.000        51.3709        47.0500       0.884216    
 4    1398.08        362.758        326.350        28.1517        32.3000       0.884216    
 4    1398.08        343.028        306.350        33.3323        35.5000       0.884216    
 4    1398.08        323.911        284.800        39.1259        39.3500       0.884216    
 4    1398.08        305.431        264.450        45.5559        43.5000       0.884216    
 4    1398.08        291.118        248.000        51.1713        47.0500       0.884216    
 5    1382.20        348.758        314.800        30.1346        35.5000       0.884216    
 5    1382.20        329.317        294.100        35.6045        39.3000       0.884216    
 5    1382.20        310.509        272.950        41.7072        43.3500       0.884216    
 5    1382.20        292.355        252.550        48.4648        47.8500       0.884216    
 5    1382.20        278.317        236.550        54.3545        51.8500       0.884216    
 6    1358.59        328.286        302.350        33.4185        40.6000       0.884216    
 6    1358.59        309.307        282.050        39.3508        44.0000       0.884216    
 6    1358.59        290.990        261.500        45.9450        49.4000       0.884216    
 6    1358.59        273.355        241.950        53.2208        54.2000       0.884216    
 6    1358.59        259.747        225.850        59.5424        58.6000       0.884216    
 1    1398.96        363.373        329.200        28.2283        31.1500       0.878702    
 1    1398.96        343.648        307.700        33.4127        34.8500       0.878702    
 1    1398.96        324.535        286.500        39.2093        37.9500       0.878702    
 1    1398.96        306.057        265.650        45.6412        42.1500       0.878702    
 1    1398.96        291.745        249.300        51.2572        45.7500       0.878702    
 2    1398.08        362.440        326.350        28.1957        32.3000       0.878702    
 2    1398.08        342.717        306.350        33.3827        35.5000       0.878702    
 2    1398.08        323.607        284.800        39.1831        39.3500       0.878702    
 2    1398.08        305.134        264.450        45.6203        43.5000       0.878702    
 2    1398.08        290.827        248.000        51.2417        47.0500       0.878702    
 3    1398.08        362.277        326.350        28.0485        32.3000       0.878702    
 3    1398.08        342.540        306.350        33.2215        35.5000       0.878702    
 3    1398.08        323.416        284.800        39.0082        39.3500       0.878702    
 3    1398.08        304.929        264.450        45.4321        43.5000       0.878702    
 3    1398.08        290.612        248.000        51.0434        47.0500       0.878702    
 4    1382.20        348.279        314.800        30.0298        35.5000       0.878702    
 4    1382.20        328.831        294.100        35.4925        39.3000       0.878702    
 4    1382.20        310.016        272.950        41.5887        43.3500       0.878702    
 4    1382.20        291.858        252.550        48.3408        47.8500       0.878702    
 4    1382.20        277.815        236.550        54.2269        51.8500       0.878702    
 5    1358.59        327.811        302.350        33.3112        40.6000       0.878702    
 5    1358.59        308.826        282.050        39.2369        44.0000       0.878702    
 5    1358.59        290.503        261.500        45.8255        49.4000       0.878702    
 5    1358.59        272.863        241.950        53.0965        54.2000       0.878702    
 5    1358.59        259.253        225.850        59.4153        58.6000       0.878702    
 6    1368.71        336.298        310.400        31.6403        40.7000       0.878702    
 6    1368.71        317.090        289.550        37.3440        42.0000       0.878702    
 6    1368.71        298.532        269.100        43.6986        48.5000       0.878702    
 6    1368.71        280.647        249.000        50.7253        50.2500       0.878702    
 6    1368.71        266.835        233.250        56.8419        57.5500       0.878702    
 1    1398.08        362.207        326.350        28.8006        32.3000       0.851503    
 1    1398.08        342.546        306.350        34.0505        35.5000       0.851503    
 1    1398.08        323.498        284.800        39.9141        39.3500       0.851503    
 1    1398.08        305.087        264.450        46.4142        43.5000       0.851503    
 1    1398.08        290.830        248.000        52.0853        47.0500       0.851503    
 2    1398.08        362.043        326.350        28.6518        32.3000       0.851503    
 2    1398.08        342.367        306.350        33.8878        35.5000       0.851503    
 2    1398.08        323.306        284.800        39.7378        39.3500       0.851503    
 2    1398.08        304.881        264.450        46.2247        43.5000       0.851503    
 2    1398.08        290.613        248.000        51.8857        47.0500       0.851503    
 3    1382.20        348.077        314.800        30.6554        35.5000       0.851503    
 3    1382.20        328.691        294.100        36.1814        39.3000       0.851503    
 3    1382.20        309.938        272.950        42.3409        43.3500       0.851503    
 3    1382.20        291.841        252.550        49.1556        47.8500       0.851503    
 3    1382.20        277.847        236.550        55.0909        51.8500       0.851503    
 4    1358.59        327.657        302.350        33.9711        40.6000       0.851503    
 4    1358.59        308.734        282.050        39.9603        44.0000       0.851503    
 4    1358.59        290.473        261.500        46.6117        49.4000       0.851503    
 4    1358.59        272.893        241.950        53.9445        54.2000       0.851503    
 4    1358.59        259.331        225.850        60.3114        58.6000       0.851503    
 5    1368.71        336.120        310.400        32.2834        40.7000       0.851503    
 5    1368.71        316.975        289.550        38.0506        42.0000       0.851503    
 5    1368.71        298.480        269.100        44.4684        48.5000       0.851503    
 5    1368.71        280.656        249.000        51.5573        50.2500       0.851503    
 5    1368.71        266.892        233.250        57.7227        57.5500       0.851503    
 6    1387.57        352.223        324.600        29.4544        34.3500       0.851503    
 6    1387.57        332.690        301.400        34.8341        37.7500       0.851503    
 6    1387.57        313.785        280.500        40.8419        44.0000       0.851503    
 6    1387.57        295.530        260.000        47.5004        49.0000       0.851503    
 6    1387.57        281.408        243.900        53.3082        49.3000       0.851503    
 1    1398.08        361.814        326.350        29.0743        32.3000       0.835278    
 1    1398.08        342.181        306.350        34.3544        35.5000       0.835278    
 1    1398.08        323.164        284.800        40.2487        39.3500       0.835278    
 1    1398.08        304.783        264.450        46.7799        43.5000       0.835278    
 1    1398.08        290.549        248.000        52.4758        47.0500       0.835278    
 2    1382.20        347.871        314.800        31.0938        35.5000       0.835278    
 2    1382.20        328.528        294.100        36.6640        39.3000       0.835278    
 2    1382.20        309.820        272.950        42.8680        43.3500       0.835278    
 2    1382.20        291.766        252.550        49.7267        47.8500       0.835278    
 2    1382.20        277.806        236.550        55.6967        51.8500       0.835278    
 3    1358.59        327.486        302.350        34.4337        40.6000       0.835278    
 3    1358.59        308.606        282.050        40.4673        44.0000       0.835278    
 3    1358.59        290.389        261.500        47.1630        49.4000       0.835278    
 3    1358.59        272.853        241.950        54.5393        54.2000       0.835278    
 3    1358.59        259.323        225.850        60.9402        58.6000       0.835278    
 4    1368.71        335.933        310.400        32.7344        40.7000       0.835278    
 4    1368.71        316.832        289.550        38.5461        42.0000       0.835278    
 4    1368.71        298.381        269.100        45.0083        48.5000       0.835278    
 4    1368.71        280.600        249.000        52.1411        50.2500       0.835278    
 4    1368.71        266.869        233.250        58.3408        57.5500       0.835278    
 5    1387.57        352.007        324.600        29.8845        34.3500       0.835278    
 5    1387.57        332.518        301.400        35.3086        37.7500       0.835278    
 5    1387.57        313.656        280.500        41.3610        44.0000       0.835278    
 5    1387.57        295.446        260.000        48.0638        49.0000       0.835278    
 5    1387.57        281.358        243.900        53.9066        49.3000       0.835278    
 6    1370.26        336.911        308.550        32.1869        39.6500       0.835278    
 6    1370.26        317.750        287.750        37.9394        42.0000       0.835278    
 6    1370.26        299.238        267.250        44.3415        44.9500       0.835278    
 6    1370.26        281.396        247.250        51.4138        50.0000       0.835278    
 6    1370.26        267.616        231.500        57.5651        57.1500       0.835278    
 1    1382.20        348.077        314.800        31.6048        35.5000       0.821337    
 1    1382.20        328.783        294.100        37.2232        39.3000       0.821337    
 1    1382.20        310.121        272.950        43.4746        43.3500       0.821337    
 1    1382.20        292.114        252.550        50.3797        47.8500       0.821337    
 1    1382.20        278.189        236.550        56.3855        51.8500       0.821337    
 2    1358.59        327.723        302.350        34.9703        40.6000       0.821337    
 2    1358.59        308.891        282.050        41.0517        44.0000       0.821337    
 2    1358.59        290.720        261.500        47.7940        49.4000       0.821337    
 2    1358.59        273.229        241.950        55.2154        54.2000       0.821337    
 2    1358.59        259.734        225.850        61.6509        58.6000       0.821337    
 3    1368.71        336.156        310.400        33.2585        40.7000       0.821337    
 3    1368.71        317.102        289.550        39.1182        42.0000       0.821337    
 3    1368.71        298.698        269.100        45.6275        48.5000       0.821337    
 3    1368.71        280.963        249.000        52.8061        50.2500       0.821337    
 3    1368.71        267.267        233.250        59.0411        57.5500       0.821337    
 4    1387.57        352.203        324.600        30.3861        34.3500       0.821337    
 4    1387.57        332.762        301.400        35.8585        37.7500       0.821337    
 4    1387.57        313.948        280.500        41.9586        44.0000       0.821337    
 4    1387.57        295.784        260.000        48.7081        49.0000       0.821337    
 4    1387.57        281.732        243.900        54.5872        49.3000       0.821337    
 5    1370.26        337.130        308.550        32.7070        39.6500       0.821337    
 5    1370.26        318.016        287.750        38.5077        42.0000       0.821337    
 5    1370.26        299.551        267.250        44.9571        44.9500       0.821337    
 5    1370.26        281.755        247.250        52.0753        50.0000       0.821337    
 5    1370.26        268.011        231.500        58.2621        57.1500       0.821337    
 6    1369.57        336.363        307.450        32.6491        38.8500       0.821337    
 6    1369.57        317.250        286.650        38.4498        42.9500       0.821337    
 6    1369.57        298.786        266.250        44.9006        47.3500       0.821337    
 6    1369.57        280.992        246.150        52.0215        52.2500       0.821337    
 6    1369.57        267.251        230.400        58.2115        56.6000       0.821337    
 1    1358.59        327.003        302.350        35.3818        40.6000       0.794017    
 1    1358.59        308.213        282.050        41.5067        44.0000       0.794017    
 1    1358.59        290.085        261.500        48.2932        49.4000       0.794017    
 1    1358.59        272.636        241.950        55.7591        54.2000       0.794017    
 1    1358.59        259.175        225.850        62.2302        58.6000       0.794017    
 2    1368.71        335.417        310.400        33.6588        40.7000       0.794017    
 2    1368.71        316.405        289.550        39.5617        42.0000       0.794017    
 2    1368.71        298.043        269.100        46.1151        48.5000       0.794017    
 2    1368.71        280.351        249.000        53.3382        50.2500       0.794017    
 2    1368.71        266.690        233.250        59.6089        57.5500       0.794017    
 3    1387.57        351.430        324.600        30.7661        34.3500       0.794017    
 3    1387.57        332.030        301.400        36.2812        37.7500       0.794017    
 3    1387.57        313.258        280.500        42.4250        44.0000       0.794017    
 3    1387.57        295.136        260.000        49.2189        49.0000       0.794017    
 3    1387.57        281.119        243.900        55.1337        49.3000       0.794017    
 4    1370.26        336.388        308.550        33.1045        39.6500       0.794017    
 4    1370.26        317.316        287.750        38.9485        42.0000       0.794017    
 4    1370.26        298.894        267.250        45.4421        44.9500       0.794017    
 4    1370.26        281.141        247.250        52.6049        50.0000       0.794017    
 4    1370.26        267.431        231.500        58.8275        57.1500       0.794017    
 5    1369.57        335.622        307.450        33.0467        38.8500       0.794017    
 5    1369.57        316.550        286.650        38.8909        42.9500       0.794017    
 5    1369.57        298.129        266.250        45.3859        47.3500       0.794017    
 5    1369.57        280.379        246.150        52.5515        52.2500       0.794017    
 5    1369.57        266.672        230.400        58.7773        56.6000       0.794017    
 6    1390.78        353.699        322.850        29.8600        34.5500       0.794017    
 6    1390.78        334.193        301.650        35.2712        38.2500       0.794017    
 6    1390.78        315.314        280.750        41.3083        42.2500       0.794017    
 6    1390.78        297.083        260.250        47.9934        46.0000       0.794017    
 6    1390.78        282.976        244.150        53.8203        50.4500       0.794017    
 1    1368.71        335.340        310.400        33.7817        40.7000       0.807052    
 1    1368.71        316.340        289.550        39.6966        42.0000       0.807052    
 1    1368.71        297.990        269.100        46.2620        48.5000       0.807052    
 1    1368.71        280.310        249.000        53.4970        50.2500       0.807052    
 1    1368.71        266.658        233.250        59.7770        57.5500       0.807052    
 2    1387.57        351.345        324.600        30.8838        34.3500       0.807052    
 2    1387.57        331.956        301.400        36.4109        37.7500       0.807052    
 2    1387.57        313.197        280.500        42.5668        44.0000       0.807052    
 2    1387.57        295.087        260.000        49.3727        49.0000       0.807052    
 2    1387.57        281.079        243.900        55.2970        49.3000       0.807052    
 3    1370.26        336.310        308.550        33.2274        39.6500       0.807052    
 3    1370.26        317.251        287.750        39.0835        42.0000       0.807052    
 3    1370.26        298.840        267.250        45.5892        44.9500       0.807052    
 3    1370.26        281.099        247.250        52.7640        50.0000       0.807052    
 3    1370.26        267.399        231.500        58.9961        57.1500       0.807052    
 4    1369.57        335.546        307.450        33.1701        38.8500       0.807052    
 4    1369.57        316.486        286.650        39.0264        42.9500       0.807052    
 4    1369.57        298.077        266.250        45.5336        47.3500       0.807052    
 4    1369.57        280.338        246.150        52.7113        52.2500       0.807052    
 4    1369.57        266.641        230.400        58.9466        56.6000       0.807052    
 5    1390.78        353.613        322.850        29.9774        34.5500       0.807052    
 5    1390.78        334.120        301.650        35.4007        38.2500       0.807052    
 5    1390.78        315.253        280.750        41.4501        42.2500       0.807052    
 5    1390.78        297.034        260.250        48.1474        46.0000       0.807052    
 5    1390.78        282.937        244.150        53.9840        50.4500       0.807052    
 6    1385.14        348.565        317.450        30.6018        35.6000       0.807052    
 6    1385.14        329.167        296.200        36.1202        39.3500       0.807052    
 6    1385.14        310.401        275.650        42.2718        44.0500       0.807052    
 6    1385.14        292.291        255.150        49.0781        48.1000       0.807052    
 6    1385.14        278.286        239.300        55.0065        52.4000       0.807052    
 1    1387.57        351.254        324.600        30.8922        34.3500       0.807762    
 1    1387.57        331.867        301.400        36.4206        37.7500       0.807762    
 1    1387.57        313.109        280.500        42.5780        44.0000       0.807762    
 1    1387.57        295.002        260.000        49.3855        49.0000       0.807762    
 1    1387.57        280.995        243.900        55.3112        49.3000       0.807762    
 2    1370.26        336.222        308.550        33.2370        39.6500       0.807762    
 2    1370.26        317.164        287.750        39.0945        42.0000       0.807762    
 2    1370.26        298.756        267.250        45.6018        44.9500       0.807762    
 2    1370.26        281.017        247.250        52.7784        50.0000       0.807762    
 2    1370.26        267.318        231.500        59.0118        57.1500       0.807762    
 3    1369.57        335.458        307.450        33.1803        38.8500       0.807762    
 3    1369.57        316.400        286.650        39.0381        42.9500       0.807762    
 3    1369.57        297.993        266.250        45.5470        47.3500       0.807762    
 3    1369.57        280.257        246.150        52.7264        52.2500       0.807762    
 3    1369.57        266.561        230.400        58.9632        56.6000       0.807762    
 4    1390.78        353.524        322.850        29.9874        34.5500       0.807762    
 4    1390.78        334.032        301.650        35.4122        38.2500       0.807762    
 4    1390.78        315.167        280.750        41.4632        42.2500       0.807762    
 4    1390.78        296.950        260.250        48.1623        46.0000       0.807762    
 4    1390.78        282.855        244.150        54.0003        50.4500       0.807762    
 5    1385.14        348.477        317.450        30.6126        35.6000       0.807762    
 5    1385.14        329.081        296.200        36.1326        39.3500       0.807762    
 5    1385.14        310.317        275.650        42.2859        44.0500       0.807762    
 5    1385.14        292.209        255.150        49.0940        48.1000       0.807762    
 5    1385.14        278.205        239.300        55.0239        52.4000       0.807762    
 6    1376.92        341.228        315.000        31.6229        36.2500       0.807762    
 6    1376.92        321.979        291.500        37.2911        40.8000       0.807762    
 6    1376.92        303.374        270.800        43.6029        44.8000       0.807762    
 6    1376.92        285.433        250.550        50.5791        49.6000       0.807762    
 6    1376.92        271.570        234.650        56.6499        53.0000       0.807762    
 1    1370.26        335.294        308.550        33.2088        39.6500       0.793111    
 1    1370.26        316.238        287.750        39.0707        42.0000       0.793111    
 1    1370.26        297.835        267.250        45.5839        44.9500       0.793111    
 1    1370.26        280.102        247.250        52.7679        50.0000       0.793111    
 1    1370.26        266.409        231.500        59.0085        57.1500       0.793111    
 2    1369.57        334.531        307.450        33.1530        38.8500       0.793111    
 2    1369.57        315.476        286.650        39.0153        42.9500       0.793111    
 2    1369.57        297.074        266.250        45.5301        47.3500       0.793111    
 2    1369.57        279.343        246.150        52.7171        52.2500       0.793111    
 2    1369.57        265.653        230.400        58.9611        56.6000       0.793111    
 3    1390.78        352.582        322.850        29.9583        34.5500       0.793111    
 3    1390.78        333.093        301.650        35.3867        38.2500       0.793111    
 3    1390.78        314.231        280.750        41.4426        42.2500       0.793111    
 3    1390.78        296.019        260.250        48.1482        46.0000       0.793111    
 3    1390.78        281.929        244.150        53.9926        50.4500       0.793111    
 4    1385.14        347.541        317.450        30.5850        35.6000       0.793111    
 4    1385.14        328.147        296.200        36.1088        39.3500       0.793111    
 4    1385.14        309.387        275.650        42.2674        44.0500       0.793111    
 4    1385.14        291.284        255.150        49.0824        48.1000       0.793111    
 4    1385.14        277.286        239.300        55.0189        52.4000       0.793111    
 5    1376.92        340.299        315.000        31.5970        36.2500       0.793111    
 5    1376.92        321.053        291.500        37.2695        40.8000       0.793111    
 5    1376.92        302.452        270.800        43.5871        44.8000       0.793111    
 5    1376.92        284.517        250.550        50.5706        49.6000       0.793111    
 5    1376.92        270.660        234.650        56.6484        53.0000       0.793111    
 6    1378.53        341.509        314.650        31.2087        34.9000       0.793111    
 6    1378.53        322.217        293.550        36.8351        38.7000       0.793111    
 6    1378.53        303.568        272.750        43.1049        42.8500       0.793111    
 6    1378.53        285.584        252.400        50.0397        47.2500       0.793111    
 6    1378.53        271.687        236.400        56.0778        51.2000       0.793111    
 1    1369.57        334.376        307.450        33.1783        38.8500       0.784700    
 1    1369.57        315.324        286.650        39.0441        42.9500       0.784700    
 1    1369.57        296.925        266.250        45.5626        47.3500       0.784700    
 1    1369.57        279.199        246.150        52.7535        52.2500       0.784700    
 1    1369.57        265.512        230.400        59.0008        56.6000       0.784700    
 2    1390.78        352.423        322.850        29.9823        34.5500       0.784700    
 2    1390.78        332.937        301.650        35.4141        38.2500       0.784700    
 2    1390.78        314.078        280.750        41.4737        42.2500       0.784700    
 2    1390.78        295.870        260.250        48.1831        46.0000       0.784700    
 2    1390.78        281.784        244.150        54.0307        50.4500       0.784700    
 3    1385.14        347.383        317.450        30.6100        35.6000       0.784700    
 3    1385.14        327.992        296.200        36.1373        39.3500       0.784700    
 3    1385.14        309.236        275.650        42.2996        44.0500       0.784700    
 3    1385.14        291.137        255.150        49.1185        48.1000       0.784700    
 3    1385.14        277.143        239.300        55.0583        52.4000       0.784700    
 4    1376.92        340.143        315.000        31.6233        36.2500       0.784700    
 4    1376.92        320.901        291.500        37.2994        40.8000       0.784700    
 4    1376.92        302.304        270.800        43.6208        44.8000       0.784700    
 4    1376.92        284.373        250.550        50.6084        49.6000       0.784700    
 4    1376.92        270.519        234.650        56.6896        53.0000       0.784700    
 5    1378.53        341.354        314.650        31.2354        34.9000       0.784700    
 5    1378.53        322.065        293.550        36.8654        38.7000       0.784700    
 5    1378.53        303.420        272.750        43.1392        42.8500       0.784700    
 5    1378.53        285.440        252.400        50.0780        47.2500       0.784700    
 5    1378.53        271.547        236.400        56.1195        51.2000       0.784700    
 6    1366.94        331.264        305.350        32.7758        37.7000       0.784700    
 6    1366.94        312.196        284.550        38.6266        41.7500       0.784700    
 6    1366.94        293.786        264.000        45.1357        46.1500       0.784700    
 6    1366.94        276.054        243.900        52.3231        50.8500       0.784700    
 6    1366.94        262.368        228.150        58.5723        55.0500       0.784700    
 1    1390.78        352.050        322.850        29.7621        34.5500       0.773914    
 1    1390.78        332.544        301.650        35.1744        38.2500       0.773914    
 1    1390.78        313.667        280.750        41.2151        42.2500       0.773914    
 1    1390.78        295.441        260.250        47.9066        46.0000       0.773914    
 1    1390.78        281.341        244.150        53.7406        50.4500       0.773914    
 2    1385.14        347.010        317.450        30.3886        35.6000       0.773914    
 2    1385.14        327.600        296.200        35.8966        39.3500       0.773914    
 2    1385.14        308.825        275.650        42.0403        44.0500       0.773914    
 2    1385.14        290.708        255.150        48.8415        48.1000       0.773914    
 2    1385.14        276.700        239.300        54.7679        52.4000       0.773914    
 3    1376.92        339.769        315.000        31.3997        36.2500       0.773914    
 3    1376.92        320.507        291.500        37.0566        40.8000       0.773914    
 3    1376.92        301.892        270.800        43.3596        44.8000       0.773914    
 3    1376.92        283.944        250.550        50.3299        49.6000       0.773914    
 3    1376.92        270.077        234.650        56.3980        53.0000       0.773914    
 4    1378.53        340.982        314.650        31.0138        34.9000       0.773914    
 4    1378.53        321.674        293.550        36.6248        38.7000       0.773914    
 4    1378.53        303.010        272.750        42.8802        42.8500       0.773914    
 4    1378.53        285.013        252.400        49.8016        47.2500       0.773914    
 4    1378.53        271.107        236.400        55.8300        51.2000       0.773914    
 5    1366.94        330.889        305.350        32.5505        37.7000       0.773914    
 5    1366.94        311.802        284.550        38.3826        41.7500       0.773914    
 5    1366.94        293.374        264.000        44.8737        46.1500       0.773914    
 5    1366.94        275.625        243.900        52.0442        50.8500       0.773914    
 5    1366.94        261.927        228.150        58.2808        55.0500       0.773914    
 6    1371.97        335.014        310.050        31.6493        35.5000       0.773914    
 6    1371.97        315.810        289.050        37.3645        39.3500       0.773914    
 6    1371.97        297.259        268.300        43.7331        43.8000       0.773914    
 6    1371.97        279.383        248.000        50.7762        48.1500       0.773914    
 6    1371.97        265.579        232.100        56.9078        52.1500       0.773914    
 1    1385.14        346.915        317.450        30.4957        35.6000       0.771410    
 1    1385.14        327.516        296.200        36.0149        39.3500       0.771410    
 1    1385.14        308.753        275.650        42.1699        44.0500       0.771410    
 1    1385.14        290.648        255.150        48.9823        48.1000       0.771410    
 1    1385.14        276.648        239.300        54.9177        52.4000       0.771410    
 2    1376.92        339.678        315.000        31.5092        36.2500       0.771410    
 2    1376.92        320.428        291.500        37.1775        40.8000       0.771410    
 2    1376.92        301.824        270.800        43.4918        44.8000       0.771410    
 2    1376.92        283.887        250.550        50.4734        49.6000       0.771410    
 2    1376.92        270.029        234.650        56.5504        53.0000       0.771410    
 3    1378.53        340.891        314.650        31.1232        34.9000       0.771410    
 3    1378.53        321.594        293.550        36.7455        38.7000       0.771410    
 3    1378.53        302.942        272.750        43.0123        42.8500       0.771410    
 3    1378.53        284.956        252.400        49.9450        47.2500       0.771410    
 3    1378.53        271.058        236.400        55.9824        51.2000       0.771410    
 4    1366.94        330.803        305.350        32.6633        37.7000       0.771410    
 4    1366.94        311.727        284.550        38.5068        41.7500       0.771410    
 4    1366.94        293.311        264.000        45.0093        46.1500       0.771410    
 4    1366.94        275.574        243.900        52.1912        50.8500       0.771410    
 4    1366.94        261.884        228.150        58.4367        55.0500       0.771410    
 5    1371.97        334.926        310.050        31.7609        35.5000       0.771410    
 5    1371.97        315.733        289.050        37.4876        39.3500       0.771410    
 5    1371.97        297.194        268.300        43.8677        43.8000       0.771410    
 5    1371.97        279.329        248.000        50.9222        48.1500       0.771410    
 5    1371.97        265.534        232.100        57.0628        52.1500       0.771410    
 6    1390.69        350.884        322.500        28.9763        31.2000       0.771410    
 6    1390.69        331.306        301.150        34.3179        34.6000       0.771410    
 6    1390.69        312.358        279.950        40.2900        38.4000       0.771410    
 6    1390.69        294.065        259.250        46.9159        43.1000       0.771410    
 6    1390.69        279.913        243.000        52.7003        46.2500       0.771410    
 1    1376.92        338.083        315.000        30.3275        36.2500       0.766118    
 1    1376.92        318.727        291.500        35.8909        40.8000       0.766118    
 1    1376.92        300.021        270.800        42.1038        44.8000       0.766118    
 1    1376.92        281.987        250.550        48.9887        49.6000       0.766118    
 1    1376.92        268.056        234.650        54.9926        53.0000       0.766118    
 2    1378.53        339.304        314.650        29.9501        34.9000       0.766118    
 2    1378.53        319.902        293.550        35.4675        38.7000       0.766118    
 2    1378.53        301.148        272.750        41.6327        42.8500       0.766118    
 2    1378.53        283.064        252.400        48.4685        47.2500       0.766118    
 2    1378.53        269.093        236.400        54.4326        51.2000       0.766118    
 3    1366.94        329.196        305.350        31.4666        37.7000       0.766118    
 3    1366.94        310.016        284.550        37.2063        41.7500       0.766118    
 3    1366.94        291.499        264.000        43.6089        46.1500       0.766118    
 3    1366.94        273.666        243.900        50.6960        50.8500       0.766118    
 3    1366.94        259.905        228.150        56.8702        55.0500       0.766118    
 4    1371.97        333.335        310.050        30.5812        35.5000       0.766118    
 4    1371.97        314.037        289.050        36.2037        39.3500       0.766118    
 4    1371.97        295.397        268.300        42.4832        43.8000       0.766118    
 4    1371.97        277.436        248.000        49.4420        48.1500       0.766118    
 4    1371.97        263.568        232.100        55.5104        52.1500       0.766118    
 5    1390.69        349.338        322.500        27.8474        31.2000       0.766118    
 5    1390.69        329.654        301.150        33.0835        34.6000       0.766118    
 5    1390.69        310.603        279.950        38.9527        38.4000       0.766118    
 5    1390.69        292.210        259.250        45.4798        43.1000       0.766118    
 5    1390.69        277.983        243.000        51.1889        46.2500       0.766118    
 6    1399.98        357.282        330.050        26.4994        28.6500       0.766118    
 6    1399.98        337.406        308.350        31.5438        31.8500       0.766118    
 6    1399.98        318.151        287.050        37.2095        35.4500       0.766118    
 6    1399.98        299.543        266.050        43.5221        39.3500       0.766118    
 6    1399.98        285.137        249.550        49.0527        42.7500       0.766118    
 1    1378.53        336.703        314.650        29.3682        34.9000       0.734009    
 1    1378.53        317.257        293.550        34.8457        38.7000       0.734009    
 1    1378.53        298.465        272.750        40.9757        42.8500       0.734009    
 1    1378.53        280.348        252.400        47.7818        47.2500       0.734009    
 1    1378.53        266.354        236.400        53.7265        51.2000       0.734009    
 2    1366.94        326.604        305.350        30.8774        37.7000       0.734009    
 2    1366.94        307.383        284.550        36.5789        41.7500       0.734009    
 2    1366.94        288.829        264.000        42.9483        46.1500       0.734009    
 2    1366.94        270.965        243.900        50.0080        50.8500       0.734009    
 2    1366.94        257.184        228.150        56.1650        55.0500       0.734009    
 3    1371.97        330.744        310.050        29.9989        35.5000       0.734009    
 3    1371.97        311.404        289.050        35.5826        39.3500       0.734009    
 3    1371.97        292.726        268.300        41.8280        43.8000       0.734009    
 3    1371.97        274.733        248.000        48.7585        48.1500       0.734009    
 3    1371.97        260.845        232.100        54.8088        52.1500       0.734009    
 4    1390.69        346.742        322.500        27.2846        31.2000       0.734009    
 4    1390.69        327.013        301.150        32.4795        34.6000       0.734009    
 4    1390.69        307.922        279.950        38.3117        38.4000       0.734009    
 4    1390.69        289.493        259.250        44.8069        43.1000       0.734009    
 4    1390.69        275.242        243.000        50.4947        46.2500       0.734009    
 5    1399.98        354.685        330.050        25.9480        28.6500       0.734009    
 5    1399.98        334.764        308.350        30.9502        31.8500       0.734009    
 5    1399.98        315.467        287.050        36.5776        35.4500       0.734009    
 5    1399.98        296.822        266.050        42.8568        39.3500       0.734009    
 5    1399.98        282.390        249.550        48.3647        42.7500       0.734009    
 6    1403.36        357.492        331.650        25.3869        28.6500       0.734009    
 6    1403.36        337.492        309.850        30.3112        31.8500       0.734009    
 6    1403.36        318.112        288.450        35.8564        35.3500       0.734009    
 6    1403.36        299.381        267.450        42.0495        39.3000       0.734009    
 6    1403.36        284.878        249.900        47.4860        42.6500       0.734009    
 1    1366.94        326.248        305.350        30.5838        37.7000       0.736909    
 1    1366.94        307.000        284.550        36.2587        41.7500       0.736909    
 1    1366.94        288.421        264.000        42.6023        46.1500       0.736909    
 1    1366.94        270.533        243.900        49.6375        50.8500       0.736909    
 1    1366.94        256.733        228.150        55.7760        55.0500       0.736909    
 2    1371.97        330.392        310.050        29.7101        35.5000       0.736909    
 2    1371.97        311.026        289.050        35.2672        39.3500       0.736909    
 2    1371.97        292.322        268.300        41.4867        43.8000       0.736909    
 2    1371.97        274.305        248.000        48.3924        48.1500       0.736909    
 2    1371.97        260.398        232.100        54.4240        52.1500       0.736909    
 3    1390.69        346.403        322.500        27.0092        31.2000       0.736909    
 3    1390.69        326.648        301.150        32.1772        34.6000       0.736909    
 3    1390.69        307.530        279.950        37.9832        38.4000       0.736909    
 3    1390.69        289.076        259.250        44.4530        43.1000       0.736909    
 3    1390.69        274.806        243.000        50.1213        46.2500       0.736909    
 4    1399.98        354.354        330.050        25.6801        28.6500       0.736909    
 4    1399.98        334.405        308.350        30.6555        31.8500       0.736909    
 4    1399.98        315.082        287.050        36.2564        35.4500       0.736909    
 4    1399.98        296.412        266.050        42.5099        39.3500       0.736909    
 4    1399.98        281.961        249.550        47.9980        42.7500       0.736909    
 5    1403.36        357.163        331.650        25.1227        28.6500       0.736909    
 5    1403.36        337.137        309.850        30.0202        31.8500       0.736909    
 5    1403.36        317.731        288.450        35.5389        35.3500       0.736909    
 5    1403.36        298.974        267.450        41.7063        39.3000       0.736909    
 5    1403.36        284.452        249.900        47.1230        42.6500       0.736909    
 6    1397.91        352.237        326.550        25.6618        29.0500       0.736909    
 6    1397.91        332.299        304.950        30.6485        32.0000       0.736909    
 6    1397.91        312.990        283.650        36.2641        35.9500       0.736909    
 6    1397.91        294.337        262.650        42.5357        39.8500       0.736909    
 6    1397.91        279.903        246.250        48.0408        43.3500       0.736909    
 1    1371.97        329.965        310.050        29.3627        35.5000       0.726563    
 1    1371.97        310.566        289.050        34.8875        39.3500       0.726563    
 1    1371.97        291.831        268.300        41.0758        43.8000       0.726563    
 1    1371.97        273.784        248.000        47.9516        48.1500       0.726563    
 1    1371.97        259.855        232.100        53.9605        52.1500       0.726563    
 2    1390.69        345.991        322.500        26.6780        31.2000       0.726563    
 2    1390.69        326.203        301.150        31.8135        34.6000       0.726563    
 2    1390.69        307.053        279.950        37.5876        38.4000       0.726563    
 2    1390.69        288.569        259.250        44.0266        43.1000       0.726563    
 2    1390.69        274.275        243.000        49.6715        46.2500       0.726563    
 3    1399.98        353.949        330.050        25.3579        28.6500       0.726563    
 3    1399.98        333.968        308.350        30.3007        31.8500       0.726563    
 3    1399.98        314.613        287.050        35.8696        35.4500       0.726563    
 3    1399.98        295.912        266.050        42.0921        39.3500       0.726563    
 3    1399.98        281.437        249.550        47.5562        42.7500       0.726563    
 4    1403.36        356.763        331.650        24.8048        28.6500       0.726563    
 4    1403.36        336.704        309.850        29.6699        31.8500       0.726563    
 4    1403.36        317.267        288.450        35.1565        35.3500       0.726563    
 4    1403.36        298.479        267.450        41.2928        39.3000       0.726563    
 4    1403.36        283.932        249.900        46.6855        42.6500       0.726563    
 5    1397.91        351.835        326.550        25.3415        29.0500       0.726563    
 5    1397.91        331.865        304.950        30.2958        32.0000       0.726563    
 5    1397.91        312.524        283.650        35.8795        35.9500       0.726563    
 5    1397.91        293.841        262.650        42.1202        39.8500       0.726563    
 5    1397.91        279.382        246.250        47.6016        43.3500       0.726563    
 6    1405.82        358.628        332.400        24.2361        27.7000       0.726563    
 6    1405.82        338.494        310.700        29.0270        30.8500       0.726563    
 6    1405.82        318.979        289.250        34.4365        34.3000       0.726563    
 6    1405.82        300.111        268.150        40.4931        38.1000       0.726563    
 6    1405.82        285.499        251.550        45.8207        41.4500       0.726563    
 1    1390.69        345.679        322.500        26.4163        31.2000       0.725508    
 1    1390.69        325.865        301.150        31.5259        34.6000       0.725508    
 1    1390.69        306.690        279.950        37.2745        38.4000       0.725508    
 1    1390.69        288.181        259.250        43.6888        43.1000       0.725508    
 1    1390.69        273.869        243.000        49.3147        46.2500       0.725508    
 2    1399.98        353.644        330.050        25.1034        28.6500       0.725508    
 2    1399.98        333.637        308.350        30.0203        31.8500       0.725508    
 2    1399.98        314.257        287.050        35.5636        35.4500       0.725508    
 2    1399.98        295.531        266.050        41.7611        39.3500       0.725508    
 2    1399.98        281.037        249.550        47.2062        42.7500       0.725508    
 3    1403.36        356.462        331.650        24.5540        28.6500       0.725508    
 3    1403.36        336.377        309.850        29.3931        31.8500       0.725508    
 3    1403.36        316.914        288.450        34.8542        35.3500       0.725508    
 3    1403.36        298.101        267.450        40.9654        39.3000       0.725508    
 3    1403.36        283.536        249.900        46.3389        42.6500       0.725508    
 4    1397.91        351.532        326.550        25.0888        29.0500       0.725508    
 4    1397.91        331.536        304.950        30.0173        32.0000       0.725508    
 4    1397.91        312.170        283.650        35.5756        35.9500       0.725508    
 4    1397.91        293.462        262.650        41.7915        39.8500       0.725508    
 4    1397.91        278.985        246.250        47.2539        43.3500       0.725508    
 5    1405.82        358.331        332.400        23.9898        27.7000       0.725508    
 5    1405.82        338.171        310.700        28.7549        30.8500       0.725508    
 5    1405.82        318.631        289.250        34.1388        34.3000       0.725508    
 5    1405.82        299.738        268.150        40.1705        38.1000       0.725508    
 5    1405.82        285.106        251.550        45.4789        41.4500       0.725508    
 6    1402.31        355.095        329.550        24.2782        27.9500       0.725508    
 6    1402.31        334.987        307.850        29.0952        31.0000       0.725508    
 6    1402.31        315.503        286.450        34.5360        34.6500       0.725508    
 6    1402.31        296.672        265.400        40.6296        38.5500       0.725508    
 6    1402.31        282.093        248.900        45.9911        41.9500       0.725508    
 1    1399.98        353.812        330.050        25.2891        28.6500       0.732225    
 1    1399.98        333.824        308.350        30.2251        31.8500       0.732225    
 1    1399.98        314.463        287.050        35.7874        35.4500       0.732225    
 1    1399.98        295.756        266.050        42.0035        39.3500       0.732225    
 1    1399.98        281.277        249.550        47.4629        42.7500       0.732225    
 2    1403.36        356.627        331.650        24.7379        28.6500       0.732225    
 2    1403.36        336.562        309.850        29.5963        31.8500       0.732225    
 2    1403.36        317.119        288.450        35.0764        35.3500       0.732225    
 2    1403.36        298.325        267.450        41.2064        39.3000       0.732225    
 2    1403.36        283.774        249.900        46.5943        42.6500       0.732225    
 3    1397.91        351.700        326.550        25.2750        29.0500       0.732225    
 3    1397.91        331.724        304.950        30.2228        32.0000       0.732225    
 3    1397.91        312.377        283.650        35.8002        35.9500       0.732225    
 3    1397.91        293.688        262.650        42.0347        39.8500       0.732225    
 3    1397.91        279.225        246.250        47.5115        43.3500       0.732225    
 4    1405.82        358.495        332.400        24.1722        27.7000       0.732225    
 4    1405.82        338.355        310.700        28.9567        30.8500       0.732225    
 4    1405.82        318.834        289.250        34.3598        34.3000       0.732225    
 4    1405.82        299.960        268.150        40.4103        38.1000       0.732225    
 4    1405.82        285.344        251.550        45.7333        41.4500       0.732225    
 5    1402.31        355.260        329.550        24.4620        27.9500       0.732225    
 5    1402.31        335.172        307.850        29.2984        31.0000       0.732225    
 5    1402.31        315.708        286.450        34.7585        34.6500       0.732225    
 5    1402.31        296.896        265.400        40.8709        38.5500       0.732225    
 5    1402.31        282.332        248.900        46.2469        41.9500       0.732225    
 6    1391.57        345.705        319.450        25.6623        29.5500       0.732225    
 6    1391.57        325.809        297.950        30.6907        33.0000       0.732225    
 6    1391.57        306.551        276.750        36.3581        36.6000       0.732225    
 6    1391.57        287.961        255.950        42.6923        40.7000       0.732225    
 6    1391.57        273.584        239.600        48.2553        44.2500       0.732225    
 1    1403.36        356.407        331.650        24.5195        28.6500       0.741503    
 1    1403.36        336.319        309.850        29.3550        31.8500       0.741503    
 1    1403.36        316.854        288.450        34.8124        35.3500       0.741503    
 1    1403.36        298.038        267.450        40.9202        39.3000       0.741503    
 1    1403.36        283.470        249.900        46.2910        42.6500       0.741503    
 2    1397.91        351.478        326.550        25.0550        29.0500       0.741503    
 2    1397.91        331.480        304.950        29.9800        32.0000       0.741503    
 2    1397.91        312.111        283.650        35.5348        35.9500       0.741503    
 2    1397.91        293.400        262.650        41.7473        39.8500       0.741503    
 2    1397.91        278.920        246.250        47.2071        43.3500       0.741503    
 3    1405.82        358.279        332.400        23.9578        27.7000       0.741503    
 3    1405.82        338.117        310.700        28.7195        30.8500       0.741503    
 3    1405.82        318.573        289.250        34.1001        34.3000       0.741503    
 3    1405.82        299.678        268.150        40.1284        38.1000       0.741503    
 3    1405.82        285.044        251.550        45.4343        41.4500       0.741503    
 4    1402.31        355.044        329.550        24.2471        27.9500       0.741503    
 4    1402.31        334.933        307.850        29.0608        31.0000       0.741503    
 4    1402.31        315.447        286.450        34.4984        34.6500       0.741503    
 4    1402.31        296.613        265.400        40.5888        38.5500       0.741503    
 4    1402.31        282.032        248.900        45.9478        41.9500       0.741503    
 5    1391.57        345.484        319.450        25.4430        29.5500       0.741503    
 5    1391.57        325.566        297.950        30.4488        33.0000       0.741503    
 5    1391.57        306.286        276.750        36.0939        36.6000       0.741503    
 5    1391.57        287.674        255.950        42.4063        40.7000       0.741503    
 5    1391.57        273.281        239.600        47.9526        44.2500       0.741503    
 6    1369.10        325.853        301.550        28.2993        34.0000       0.741503    
 6    1369.10        306.374        280.450        33.7447        35.7000       0.741503    
 6    1369.10        287.566        259.700        39.8613        39.7000       0.741503    
 6    1369.10        269.454        239.250        46.6748        46.4000       0.741503    
 6    1369.10        255.481        223.350        52.6415        50.4000       0.741503    
 1    1397.91        351.501        326.550        25.1058        29.0500       0.743030    
 1    1397.91        331.508        304.950        30.0362        32.0000       0.743030    
 1    1397.91        312.145        283.650        35.5963        35.9500       0.743030    
 1    1397.91        293.439        262.650        41.8141        39.8500       0.743030    
 1    1397.91        278.964        246.250        47.2779        43.3500       0.743030    
 2    1405.82        358.301        332.400        24.0079        27.7000       0.743030    
 2    1405.82        338.144        310.700        28.7751        30.8500       0.743030    
 2    1405.82        318.606        289.250        34.1610        34.3000       0.743030    
 2    1405.82        299.716        268.150        40.1947        38.1000       0.743030    
 2    1405.82        285.087        251.550        45.5047        41.4500       0.743030    
 3    1402.31        355.067        329.550        24.2980        27.9500       0.743030    
 3    1402.31        334.962        307.850        29.1172        31.0000       0.743030    
 3    1402.31        315.481        286.450        34.5603        34.6500       0.743030    
 3    1402.31        296.653        265.400        40.6560        38.5500       0.743030    
 3    1402.31        282.077        248.900        46.0191        41.9500       0.743030    
 4    1391.57        345.509        319.450        25.4956        29.5500       0.743030    
 4    1391.57        325.596        297.950        30.5069        33.0000       0.743030    
 4    1391.57        306.323        276.750        36.1575        36.6000       0.743030    
 4    1391.57        287.716        255.950        42.4753        40.7000       0.743030    
 4    1391.57        273.327        239.600        48.0258        44.2500       0.743030    
 5    1369.10        325.882        301.550        28.3553        34.0000       0.743030    
 5    1369.10        306.409        280.450        33.8063        35.7000       0.743030    
 5    1369.10        287.606        259.700        39.9283        39.7000       0.743030    
 5    1369.10        269.500        239.250        46.7471        46.4000       0.743030    
 5    1369.10        255.531        223.350        52.7178        50.4000       0.743030    
 6    1369.58        326.138        301.850        28.1441        32.6000       0.743030    
 6    1369.58        306.640        280.700        33.5712        36.0000       0.743030    
 6    1369.58        287.813        259.900        39.6691        40.4500       0.743030    
 6    1369.58        269.682        239.500        46.4637        44.9500       0.743030    
 6    1369.58        255.694        223.550        52.4152        48.9000       0.743030    
 1    1405.82        357.843        332.400        23.9832        27.7000       0.744620    
 1    1405.82        337.686        310.700        28.7504        30.8500       0.744620    
 1    1405.82        318.149        289.250        34.1370        34.3000       0.744620    
 1    1405.82        299.260        268.150        40.1722        38.1000       0.744620    
 1    1405.82        284.632        251.550        45.4839        41.4500       0.744620    
 2    1402.31        354.611        329.550        24.2739        27.9500       0.744620    
 2    1402.31        334.506        307.850        29.0933        31.0000       0.744620    
 2    1402.31        315.025        286.450        34.5372        34.6500       0.744620    
 2    1402.31        296.198        265.400        40.6346        38.5500       0.744620    
 2    1402.31        281.624        248.900        45.9996        41.9500       0.744620    
 3    1391.57        345.058        319.450        25.4724        29.5500       0.744620    
 3    1391.57        325.145        297.950        30.4842        33.0000       0.744620    
 3    1391.57        305.872        276.750        36.1359        36.6000       0.744620    
 3    1391.57        287.267        255.950        42.4557        40.7000       0.744620    
 3    1391.57        272.879        239.600        48.0084        44.2500       0.744620    
 4    1369.10        325.439        301.550        28.3334        34.0000       0.744620    
 4    1369.10        305.966        280.450        33.7854        35.7000       0.744620    
 4    1369.10        287.164        259.700        39.9092        39.7000       0.744620    
 4    1369.10        269.061        239.250        46.7306        46.4000       0.744620    
 4    1369.10        255.094        223.350        52.7042        50.4000       0.744620    
 5    1369.58        325.695        301.850        28.1228        32.6000       0.744620    
 5    1369.58        306.197        280.700        33.5510        36.0000       0.744620    
 5    1369.58        287.372        259.900        39.6507        40.4500       0.744620    
 5    1369.58        269.244        239.500        46.4480        44.9500       0.744620    
 5    1369.58        255.258        223.550        52.4024        48.9000       0.744620    
 6    1363.72        320.506        296.950        28.8068        34.0500       0.744620    
 6    1363.72        301.118        275.950        34.3446        37.6500       0.744620    
 6    1363.72        282.410        255.250        40.5625        42.1500       0.744620    
 6    1363.72        264.408        235.050        47.4860        48.5000       0.744620    
 6    1363.72        250.528        219.150        53.5468        50.8500       0.744620    
 1    1402.31        354.995        329.550        24.9835        27.9500       0.743738    
 1    1402.31        334.966        307.850        29.8790        31.0000       0.743738    
 1    1402.31        315.561        286.450        35.3990        34.6500       0.743738    
 1    1402.31        296.808        265.400        41.5712        38.5500       0.743738    
 1    1402.31        282.292        248.900        46.9946        41.9500       0.743738    
 2    1391.57        345.462        319.450        26.1994        29.5500       0.743738    
 2    1391.57        325.625        297.950        31.2875        33.0000       0.743738    
 2    1391.57        306.427        276.750        37.0150        36.6000       0.743738    
 2    1391.57        287.896        255.950        43.4090        40.7000       0.743738    
 2    1391.57        273.566        239.600        49.0193        44.2500       0.743738    
 3    1369.10        325.887        301.550        29.0996        34.0000       0.743738    
 3    1369.10        306.490        280.450        34.6276        35.7000       0.743738    
 3    1369.10        287.763        259.700        40.8262        39.7000       0.743738    
 3    1369.10        269.731        239.250        47.7202        46.4000       0.743738    
 3    1369.10        255.820        223.350        53.7495        50.4000       0.743738    
 4    1369.58        326.140        301.850        28.8860        32.6000       0.743738    
 4    1369.58        306.719        280.700        34.3903        36.0000       0.743738    
 4    1369.58        287.967        259.900        40.5649        40.4500       0.743738    
 4    1369.58        269.912        239.500        47.4348        44.9500       0.743738    
 4    1369.58        255.981        223.550        53.4451        48.9000       0.743738    
 5    1363.72        320.962        296.950        29.5787        34.0500       0.743738    
 5    1363.72        301.649        275.950        35.1924        37.6500       0.743738    
 5    1363.72        283.016        255.250        41.4849        42.1500       0.743738    
 5    1363.72        265.085        235.050        48.4807        48.5000       0.743738    
 5    1363.72        251.261        219.150        54.5968        50.8500       0.743738    
 6    1354.58        313.013        291.200        30.7800        36.0500       0.743738    
 6    1354.58        293.883        270.400        36.5765        41.0000       0.743738    
 6    1354.58        275.445        249.950        43.0646        44.6000       0.743738    
 6    1354.58        257.722        229.900        50.2679        49.4500       0.743738    
 6    1354.58        244.071        214.300        56.5579        53.7000       0.743738    
 1    1391.57        345.100        319.450        25.9968        29.5500       0.735021    
 1    1391.57        325.244        297.950        31.0653        33.0000       0.735021    
 1    1391.57        306.027        276.750        36.7739        36.6000       0.735021    
 1    1391.57        287.478        255.950        43.1497        40.7000       0.735021    
 1    1391.57        273.134        239.600        48.7463        44.2500       0.735021    
 2    1369.10        325.519        301.550        28.8880        34.0000       0.735021    
 2    1369.10        306.103        280.450        34.3969        35.7000       0.735021    
 2    1369.10        287.358        259.700        40.5771        39.7000       0.735021    
 2    1369.10        269.309        239.250        47.4538        46.4000       0.735021    
 2    1369.10        255.385        223.350        53.4702        50.4000       0.735021    
 3    1369.58        325.774        301.850        28.6759        32.6000       0.735021    
 3    1369.58        306.333        280.700        34.1611        36.0000       0.735021    
 3    1369.58        287.564        259.900        40.3174        40.4500       0.735021    
 3    1369.58        269.491        239.500        47.1701        44.9500       0.735021    
 3    1369.58        255.547        223.550        53.1675        48.9000       0.735021    
 4    1363.72        320.595        296.950        29.3673        34.0500       0.735021    
 4    1363.72        301.264        275.950        34.9621        37.6500       0.735021    
 4    1363.72        282.612        255.250        41.2366        42.1500       0.735021    
 4    1363.72        264.665        235.050        48.2153        48.5000       0.735021    
 4    1363.72        250.827        219.150        54.3189        50.8500       0.735021    
 5    1354.58        312.645        291.200        30.5659        36.0500       0.735021    
 5    1354.58        293.496        270.400        36.3437        41.0000       0.735021    
 5    1354.58        275.040        249.950        42.8141        44.6000       0.735021    
 5    1354.58        257.300        229.900        50.0009        49.4500       0.735021    
 5    1354.58        243.637        214.300        56.2787        53.7000       0.735021    
 6    1357.99        315.383        295.200        29.9096        34.4000       0.735021    
 6    1357.99        296.147        274.250        35.5998        38.3500       0.735021    
 6    1357.99        277.599        253.600        41.9783        42.6000       0.735021    
 6    1357.99        259.763        233.400        49.0695        47.3000       0.735021    
 6    1357.99        246.021        217.600        55.2689        51.4000       0.735021    
 1    1369.10        325.757        301.550        29.4881        34.0000       0.718883    
 1    1369.10        306.400        280.450        35.0568        35.7000       0.718883    
 1    1369.10        287.713        259.700        41.2961        39.7000       0.718883    
 1    1369.10        269.721        239.250        48.2302        46.4000       0.718883    
 1    1369.10        255.842        223.350        54.2909        50.4000       0.718883    
 2    1369.58        326.009        301.850        29.2739        32.6000       0.718883    
 2    1369.58        306.628        280.700        34.8190        36.0000       0.718883    
 2    1369.58        287.917        259.900        41.0344        40.4500       0.718883    
 2    1369.58        269.901        239.500        47.9446        44.9500       0.718883    
 2    1369.58        256.002        223.550        53.9863        48.9000       0.718883    
 3    1363.72        320.839        296.950        29.9722        34.0500       0.718883    
 3    1363.72        301.567        275.950        35.6269        37.6500       0.718883    
 3    1363.72        282.974        255.250        41.9603        42.1500       0.718883    
 3    1363.72        265.083        235.050        48.9962        48.5000       0.718883    
 3    1363.72        251.290        219.150        55.1438        50.8500       0.718883    
 4    1354.58        312.903        291.200        31.1826        36.0500       0.718883    
 4    1354.58        293.814        270.400        37.0201        41.0000       0.718883    
 4    1354.58        275.416        249.950        43.5491        44.6000       0.718883    
 4    1354.58        257.732        229.900        50.7924        49.4500       0.718883    
 4    1354.58        244.112        214.300        57.1136        53.7000       0.718883    
 5    1357.99        315.634        295.200        30.5199        34.4000       0.718883    
 5    1357.99        296.457        274.250        36.2699        38.3500       0.718883    
 5    1357.99        277.967        253.600        42.7072        42.6000       0.718883    
 5    1357.99        260.189        233.400        49.8553        47.3000       0.718883    
 5    1357.99        246.490        217.600        56.0984        51.4000       0.718883    
 6    1353.39        311.566        289.900        31.0612        34.0000       0.718883    
 6    1353.39        292.475        269.100        36.8975        40.0000       0.718883    
 6    1353.39        274.078        248.650        43.4277        44.3000       0.718883    
 6    1353.39        256.398        228.650        50.6752        49.1500       0.718883    
 6    1353.39        242.783        213.050        57.0018        53.4500       0.718883    
 1    1369.58        326.232        301.850        29.5752        32.6000       0.709985    
 1    1369.58        306.880        280.700        35.1493        36.0000       0.709985    
 1    1369.58        288.198        259.900        41.3932        40.4500       0.709985    
 1    1369.58        270.209        239.500        48.3308        44.9500       0.709985    
 1    1369.58        256.331        223.550        54.3936        48.9000       0.709985    
 2    1363.72        321.065        296.950        30.2772        34.0500       0.709985    
 2    1363.72        301.823        275.950        35.9609        37.6500       0.709985    
 2    1363.72        283.258        255.250        42.3226        42.1500       0.709985    
 2    1363.72        265.395        235.050        49.3858        48.5000       0.709985    
 2    1363.72        251.622        219.150        55.5541        50.8500       0.709985    
 3    1354.58        313.136        291.200        31.4934        36.0500       0.709985    
 3    1354.58        294.075        270.400        37.3599        41.0000       0.709985    
 3    1354.58        275.706        249.950        43.9170        44.6000       0.709985    
 3    1354.58        258.050        229.900        51.1872        49.4500       0.709985    
 3    1354.58        244.450        214.300        57.5288        53.7000       0.709985    
 4    1357.99        315.864        295.200        30.8280        34.4000       0.709985    
 4    1357.99        296.716        274.250        36.6070        38.3500       0.709985    
 4    1357.99        278.255        253.600        43.0725        42.6000       0.709985    
 4    1357.99        260.503        233.400        50.2478        47.3000       0.709985    
 4    1357.99        246.825        217.600        56.5115        51.4000       0.709985    
 5    1353.39        311.799        289.900        31.3720        34.0000       0.709985    
 5    1353.39        292.737        269.100        37.2373        40.0000       0.709985    
 5    1353.39        274.368        248.650        43.7957        44.3000       0.709985    
 5    1353.39        256.715        228.650        51.0701        49.1500       0.709985    
 5    1353.39        243.121        213.050        57.4172        53.4500       0.709985    
 6    1338.35        298.971        279.200        33.5856        38.0000       0.709985    
 6    1338.35        280.231        258.800        39.7731        44.1000       0.709985    
 6    1338.35        262.205        238.700        46.6742        48.9500       0.709985    
 6    1338.35        244.913        223.100        54.3099        54.2000       0.709985    
 6    1338.35        231.619        203.850        60.9579        58.8000       0.709985    
 1    1363.72        320.672        296.950        30.1640        34.0500       0.689119    
 1    1363.72        301.420        275.950        35.8393        37.6500       0.689119    
 1    1363.72        282.848        255.250        42.1933        42.1500       0.689119    
 1    1363.72        264.978        235.050        49.2499        48.5000       0.689119    
 1    1363.72        251.201        219.150        55.4137        50.8500       0.689119    
 2    1354.58        312.743        291.200        31.3795        36.0500       0.689119    
 2    1354.58        293.675        270.400        37.2379        41.0000       0.689119    
 2    1354.58        275.298        249.950        43.7876        44.6000       0.689119    
 2    1354.58        257.635        229.900        51.0516        49.4500       0.689119    
 2    1354.58        244.031        214.300        57.3890        53.7000       0.689119    
 3    1357.99        315.473        295.200        30.7157        34.4000       0.689119    
 3    1357.99        296.317        274.250        36.4865        38.3500       0.689119    
 3    1357.99        277.848        253.600        42.9447        42.6000       0.689119    
 3    1357.99        260.090        233.400        50.1137        47.3000       0.689119    
 3    1357.99        246.407        217.600        56.3731        51.4000       0.689119    
 4    1353.39        311.409        289.900        31.2599        34.0000       0.689119    
 4    1353.39        292.339        269.100        37.1172        40.0000       0.689119    
 4    1353.39        273.962        248.650        43.6684        44.3000       0.689119    
 4    1353.39        256.303        228.650        50.9367        49.1500       0.689119    
 4    1353.39        242.704        213.050        57.2798        53.4500       0.689119    
 5    1338.35        298.583        279.200        33.4718        38.0000       0.689119    
 5    1338.35        279.835        258.800        39.6518        44.1000       0.689119    
 5    1338.35        261.802        238.700        46.5463        48.9500       0.689119    
 5    1338.35        244.504        223.100        54.1765        54.2000       0.689119    
 5    1338.35        231.207        203.850        60.8210        58.8000       0.689119    
 6    1330.66        291.999        275.650        34.5833        39.0000       0.689119    
 6    1330.66        273.415        255.400        40.9273        46.6500       0.689119    
 6    1330.66        255.556        235.600        47.9966        47.4500       0.689119    
 6    1330.66        238.443        216.200        55.8112        57.2000       0.689119    
 6    1330.66        225.299        201.100        62.6095        62.0500       0.689119    
 1    1354.58        313.497        291.200        32.2651        36.0500       0.682925    
 1    1354.58        294.510        270.400        38.2044        41.0000       0.682925    
 1    1354.58        276.211        249.950        44.8326        44.6000       0.682925    
 1    1354.58        258.623        229.900        52.1715        49.4500       0.682925    
 1    1354.58        245.076        214.300        58.5656        53.7000       0.682925    
 2    1357.99        316.218        295.200        31.5923        34.4000       0.682925    
 2    1357.99        297.142        274.250        37.4443        38.3500       0.682925    
 2    1357.99        278.752        253.600        43.9813        42.6000       0.682925    
 2    1357.99        261.070        233.400        51.2257        47.3000       0.682925    
 2    1357.99        247.445        217.600        57.5424        51.4000       0.682925    
 3    1353.39        312.160        289.900        32.1431        34.0000       0.682925    
 3    1353.39        293.171        269.100        38.0813        40.0000       0.682925    
 3    1353.39        274.874        248.650        44.7111        44.3000       0.682925    
 3    1353.39        257.289        228.650        52.0542        49.1500       0.682925    
 3    1353.39        243.747        213.050        58.4540        53.4500       0.682925    
 4    1338.35        299.363        279.200        34.3818        38.0000       0.682925    
 4    1338.35        280.695        258.800        40.6417        44.1000       0.682925    
 4    1338.35        262.739        238.700        47.6131        48.9500       0.682925    
 4    1338.35        245.514        223.100        55.3161        54.2000       0.682925    
 4    1338.35        232.271        203.850        62.0152        58.8000       0.682925    
 5    1330.66        292.792        275.650        35.5057        39.0000       0.682925    
 5    1330.66        274.288        255.400        41.9291        46.6500       0.682925    
 5    1330.66        256.505        235.600        49.0744        47.4500       0.682925    
 5    1330.66        239.463        216.200        56.9606        57.2000       0.682925    
 5    1330.66        226.373        201.100        63.8125        62.0500       0.682925    
 6    1324.80        287.769        272.050        36.3491        41.0000       0.682925    
 6    1324.80        269.388        252.000        42.8964        49.2500       0.682925    
 6    1324.80        251.737        232.300        50.1738        54.4000       0.682925    
 6    1324.80        234.834        213.100        58.1994        55.0000       0.682925    
 6    1324.80        221.860        198.100        65.1674        65.0500       0.682925    
 1    1357.99        315.421        295.200        31.4463        34.4000       0.669814    
 1    1357.99        296.337        274.250        37.2903        38.3500       0.669814    
 1    1357.99        277.939        253.600        43.8210        42.6000       0.669814    
 1    1357.99        260.251        233.400        51.0608        47.3000       0.669814    
 1    1357.99        246.623        217.600        57.3753        51.4000       0.669814    
 2    1353.39        311.366        289.900        31.9976        34.0000       0.669814    
 2    1353.39        292.368        269.100        37.9281        40.0000       0.669814    
 2    1353.39        274.064        248.650        44.5517        44.3000       0.669814    
 2    1353.39        256.475        228.650        51.8907        49.1500       0.669814    
 2    1353.39        242.930        213.050        58.2886        53.4500       0.669814    
 3    1338.35        298.574        279.200        34.2352        38.0000       0.669814    
 3    1338.35        279.899        258.800        40.4883        44.1000       0.669814    
 3    1338.35        261.937        238.700        47.4546        48.9500       0.669814    
 3    1338.35        244.708        223.100        55.1544        54.2000       0.669814    
 3    1338.35        231.463        203.850        61.8526        58.8000       0.669814    
 4    1330.66        292.008        275.650        35.3594        39.0000       0.669814    
 4    1330.66        273.496        255.400        41.7764        46.6500       0.669814    
 4    1330.66        255.708        235.600        48.9171        47.4500       0.669814    
 4    1330.66        238.663        216.200        56.8008        57.2000       0.669814    
 4    1330.66        225.571        201.100        63.6522        62.0500       0.669814    
 5    1324.80        286.988        272.050        36.2033        41.0000       0.669814    
 5    1324.80        268.600        252.000        42.7447        49.2500       0.669814    
 5    1324.80        250.944        232.300        50.0179        54.4000       0.669814    
 5    1324.80        234.039        213.100        58.0415        55.0000       0.669814    
 5    1324.80        221.064        198.100        65.0095        65.0500       0.669814    
 6    1304.86        270.507        257.200        39.6444        45.3300       0.669814    
 6    1304.86        252.591        237.600        46.6573        53.0000       0.669814    
 6    1304.86        235.431        217.950        54.4272        61.1500       0.669814    
 6    1304.86        219.044        199.700        62.9697        67.3000       0.669814    
 6    1304.86        206.498        184.750        70.3665        72.7000       0.669814    
 1    1353.39        311.732        289.900        32.6420        34.0000       0.668405    
 1    1353.39        292.794        269.100        38.6323        40.0000       0.668405    
 1    1353.39        274.547        248.650        45.3143        44.3000       0.668405    
 1    1353.39        257.014        228.650        52.7093        49.1500       0.668405    
 1    1353.39        243.512        213.050        59.1499        53.4500       0.668405    
 2    1338.35        298.963        279.200        34.8998        38.0000       0.668405    
 2    1338.35        280.347        258.800        41.2121        44.1000       0.668405    
 2    1338.35        262.442        238.700        48.2357        48.9500       0.668405    
 2    1338.35        245.268        223.100        55.9902        54.2000       0.668405    
 2    1338.35        232.064        203.850        62.7298        58.8000       0.668405    
 3    1330.66        292.408        275.650        36.0335        39.0000       0.668405    
 3    1330.66        273.955        255.400        42.5093        46.6500       0.668405    
 3    1330.66        256.223        235.600        49.7069        47.4500       0.668405    
 3    1330.66        239.232        216.200        57.6445        57.2000       0.668405    
 3    1330.66        226.181        201.100        64.5366        62.0500       0.668405    
 4    1324.80        287.396        272.050        36.8842        41.0000       0.668405    
 4    1324.80        269.067        252.000        43.4842        49.2500       0.668405    
 4    1324.80        251.467        232.300        50.8138        54.4000       0.668405    
 4    1324.80        234.615        213.100        58.8908        55.0000       0.668405    
 4    1324.80        221.680        198.100        65.8989        65.0500       0.668405    
 5    1304.86        270.946        257.200        40.3519        45.3300       0.668405    
 5    1304.86        253.087        237.600        47.4220        53.0000       0.668405    
 5    1304.86        235.982        217.950        55.2465        61.1500       0.668405    
 5    1304.86        219.646        199.700        63.8399        67.3000       0.668405    
 5    1304.86        207.137        184.750        71.2745        72.7000       0.668405    
 6    1295.22        263.006        250.050        42.0477        49.0000       0.668405    
 6    1295.22        245.376        231.150        49.3476        55.0000       0.668405    
 6    1295.22        228.513        211.800        57.4138        65.6000       0.668405    
 6    1295.22        212.429        193.250        66.2595        72.1000       0.668405    
 6    1295.22        200.128        178.950        73.9024        77.6500       0.668405    
