           1  0.720260024814303     
           2  0.182722608010367     
           3  0.106743611039580     
           4  0.450876273358820     
           5  0.656525747535177     
           6 -0.976053140937259     
           7  9.931370322114337E-003
           8  1.786946251635690E-003
           9  0.437281326895603     
          10  3.628378257822242E-002
          11 -0.809375121780584     
          12   2.50524651761565     
           1  0.720164252168409     
           2  0.182724901177283     
           3  0.106776314953591     
           4  0.450892927582237     
           5  0.656536193489072     
           6 -0.975954806927486     
           7  9.975210001456956E-003
           8  1.909803141968973E-003
           9  0.437286149939935     
          10  3.635065165118339E-002
          11 -0.809375760280054     
          12   2.50550210194519     
           1  0.720070060886537     
           2  0.182724837648599     
           3  0.106781783717478     
           4  0.450904110004169     
           5  0.656545659362409     
           6 -0.975941303246369     
           7  9.977945033672561E-003
           8  2.090895741062760E-003
           9  0.437286527545583     
          10  3.634782882247838E-002
          11 -0.809375997398979     
          12   2.50617244666349     
           1  0.720114229052193     
           2  0.182733961453970     
           3  0.106866435523996     
           4  0.450914648376496     
           5  0.656541770318750     
           6 -0.975673298394426     
           7  1.014686173807149E-002
           8  2.200284387469566E-003
           9  0.437290002157562     
          10  3.638884422425707E-002
          11 -0.809377790392458     
          12   2.50514980338613     
           1  0.720121759543039     
           2  0.182727249000464     
           3  0.106804076103155     
           4  0.450902905983574     
           5  0.656540847780318     
           6 -0.975867437281081     
           7  1.003252304774771E-002
           8  2.320219805120992E-003
           9  0.437283091097621     
          10  3.628114514002336E-002
          11 -0.809376517668153     
          12   2.50572770551518     
           1  0.720076189511709     
           2  0.182723446237929     
           3  0.106769933986746     
           4  0.450901636108605     
           5  0.656544997726478     
           6 -0.975975556583867     
           7  9.962039551701269E-003
           8  2.436178772437806E-003
           9  0.437285137013963     
          10  3.630757698055329E-002
          11 -0.809375861655061     
          12   2.50633662486451     
           1  0.720120727088296     
           2  0.182716422769443     
           3  0.106700684899500     
           4  0.450884155859982     
           5  0.656539855880753     
           6 -0.976191895809767     
           7  9.827938921718803E-003
           8  2.487831217925574E-003
           9  0.437283403125333     
          10  3.628210473227670E-002
          11 -0.809374320378631     
          12   2.50650642894561     
           1  0.719946630292391     
           2  0.182730621184039     
           3  0.106832950314279     
           4  0.450926609427476     
           5  0.656557575830966     
           6 -0.975781712541351     
           7  1.007545622968290E-002
           8  2.415869055245702E-003
           9  0.437295094316640     
          10  3.646146975589673E-002
          11 -0.809377293421857     
          12   2.50523151384111     
           1  0.719477029567225     
           2  0.182767957558964     
           3  0.107187509653509     
           4  0.451043579255286     
           5  0.656609100760974     
           6 -0.974698089158070     
           7  1.077226721508991E-002
           8  2.287936421672793E-003
           9  0.437292781450439     
          10  3.639787802310104E-002
          11 -0.809386136130716     
          12   2.50585631457996     
           1  0.719916750869241     
           2  0.182729457138051     
           3  0.106819947485221     
           4  0.450927812943271     
           5  0.656560681127279     
           6 -0.975823215632888     
           7  1.005234309154434E-002
           8  2.297262201934319E-003
           9  0.437291086406944     
          10  3.640036263547854E-002
          11 -0.809377117657654     
          12   2.50562376542832     
           1  0.719859068020207     
           2  0.182736253368211     
           3  0.106877528039972     
           4  0.450943873423207     
           5  0.656565892666095     
           6 -0.975643761483350     
           7  1.015719732089809E-002
           8  2.237836216906056E-003
           9  0.437293311070672     
          10  3.644120490261397E-002
          11 -0.809378400287525     
          12   2.50451736137593     
           1  0.720023629550484     
           2  0.182722003931302     
           3  0.106751279927410     
           4  0.450903295970515     
           5  0.656549000015995     
           6 -0.976034963600478     
           7  9.914770344751592E-003
           8  2.132824439037707E-003
           9  0.437293312807290     
          10  3.644246401674250E-002
          11 -0.809375411909302     
          12   2.50526261711026     
           1  0.720047024634866     
           2  0.182720505548493     
           3  0.106729294949075     
           4  0.450896739653610     
           5  0.656546404316676     
           6 -0.976103831470960     
           7  9.887874576469361E-003
           8  2.011313952458447E-003
           9  0.437279952548978     
          10  3.624527740411387E-002
          11 -0.809375083783065     
          12   2.50568100074072     
           1  0.720029599305590     
           2  0.182723304800950     
           3  0.106749203983420     
           4  0.450902393067495     
           5  0.656548262593060     
           6 -0.976040799032477     
           7  9.929495014195608E-003
           8  1.759023087367530E-003
           9  0.437278453110252     
          10  3.623081972579335E-002
          11 -0.809375549511474     
          12   2.50556259057131     
           1  0.720041211335003     
           2  0.182726539711515     
           3  0.106778731870418     
           4  0.450906547351373     
           5  0.656547230628002     
           6 -0.975946323349604     
           7  9.981005257154908E-003
           8  1.530158367769635E-003
           9  0.437290222058519     
          10  3.640853745208678E-002
          11 -0.809376093978910     
          12   2.50516623192158     
           1  0.720188207527753     
           2  0.182717058491612     
           3  0.106696068996386     
           4  0.450875046724333     
           5  0.656531554784729     
           6 -0.976202717196468     
           7  9.822329596431071E-003
           8  1.421336684626692E-003
           9  0.437280513586579     
          10  3.628353154337936E-002
          11 -0.809374086527300     
          12   2.50504390314206     
           1  0.720197968870555     
           2  0.182726491377544     
           3  0.106761413694102     
           4  0.450885778187856     
           5  0.656530722697737     
           6 -0.975996399382113     
           7  9.969960822005212E-003
           8  1.230880525423326E-003
           9  0.437284870640274     
          10  3.634386666813995E-002
          11 -0.809375581421002     
          12   2.50415970741069     
           1  0.720265914765028     
           2  0.182723796831758     
           3  0.106744319279225     
           4  0.450876462085063     
           5  0.656525433179635     
           6 -0.976048637889389     
           7  9.930492612035329E-003
           8  1.082489023675233E-003
           9  0.437286690275197     
          10  3.638650544705237E-002
          11 -0.809375083299355     
          12   2.50521036165095     
           1  0.720300969890999     
           2  0.182721496758734     
           3  0.106727205409985     
           4  0.450869188300954     
           5  0.656521392983543     
           6 -0.976100914827182     
           7  9.893552914987235E-003
           8  1.015608610450246E-003
           9  0.437284598550872     
          10  3.636316534559489E-002
          11 -0.809374561362747     
          12   2.50405843977997     
           1  0.720225365981887     
           2  0.182740443355623     
           3  0.106860686741686     
           4  0.450901245186875     
           5  0.656529557247015     
           6 -0.975687758952961     
           7  1.017811378064997E-002
           8  9.556546102870521E-004
           9  0.437289362320023     
          10  3.641551588251716E-002
          11 -0.809377853421749     
          12   2.50431798075098     
           1  0.720426053208913     
           2  0.182721739146497     
           3  0.106728916189749     
           4  0.450855515448342     
           5  0.656508280144368     
           6 -0.976089175350184     
           7  9.896417591143765E-003
           8  9.395206951392627E-004
           9  0.437282661314134     
          10  3.633775618553253E-002
          11 -0.809374412459526     
          12   2.50417479714483     
           1  0.720434987120472     
           2  0.182721726802668     
           3  0.106731023597687     
           4  0.450854807166899     
           5  0.656507295692752     
           6 -0.976082085991652     
           7  9.895462945615337E-003
           8  9.288114459671647E-004
           9  0.437282126654061     
          10  3.633230908711792E-002
          11 -0.809374388171816     
          12   2.50417631165543     
           1  0.720284144719913     
           2  0.182724565365348     
           3  0.106753279103903     
           4  0.450873814475301     
           5  0.656521039761005     
           6 -0.976019105238532     
           7  9.925160348401560E-003
           8  9.486732237930486E-004
           9  0.437282320547836     
          10  3.633888985092661E-002
          11 -0.809374882674030     
          12   2.50282816653853     
           1  0.720305161602711     
           2  0.182721480802062     
           3  0.106731445997965     
           4  0.450868204101561     
           5  0.656519469929631     
           6 -0.976086217614613     
           7  9.884319679219178E-003
           8  9.443502399884599E-004
           9  0.437281857103358     
          10  3.633190854611242E-002
          11 -0.809374534005753     
          12   2.50418476834112     
           1  0.720295666887709     
           2  0.182718851366863     
           3  0.106711880244946     
           4  0.450865931113905     
           5  0.656520562265017     
           6 -0.976147972280989     
           7  9.846452502018698E-003
           8  9.457354367513529E-004
           9  0.437281574706240     
          10  3.632898348199146E-002
          11 -0.809374194216084     
          12   2.50430273651642     
