           1  0.720340756517019     
           2  0.182714975309752     
           3  0.106683388492686     
           4  0.450856964256572     
           5  0.656517307292495     
           6 -0.976236299240210     
           7  9.800120411327551E-003
           8  9.791517140781286E-004
           9  0.437278566302679     
          10  3.628615261449833E-002
          11 -0.809373549099673     
          12   2.50517742299799 
           1  0.720272630619532     
           2  0.182714830923026     
           3  0.106684687898457     
           4  0.450864826553556     
           5  0.656524524206821     
           6 -0.976235464462305     
           7  9.800128722000907E-003
           8  1.754568031404611E-003
           9  0.437281058270369     
          10  3.628631591694745E-002
          11 -0.809373679117947     
          12   2.50546391253852     
           1  0.720182946790103     
           2  0.182714955603936     
           3  0.106686343238384     
           4  0.450874706681010     
           5  0.656533416516053     
           6 -0.976234417043096     
           7  9.800141550401995E-003
           8  1.952693710219414E-003
           9  0.437281673675750     
          10  3.628633633482068E-002
          11 -0.809373876592184   
        12   2.50612999204954     
       1  0.720325726279680     
           2  0.182715055948814     
           3  0.106683655684380     
           4  0.450858529966430     
           5  0.656518681266725     
           6 -0.976236134244382     
           7  9.800126185495962E-003
           8  2.473138589220026E-003
           9  0.437283375029016     
          10  3.628656279587833E-002
          11 -0.809373633551529     
          12   2.50509557161273     
           1  0.720271593102020     
           2  0.182714823567641     
           3  0.106684706871735     
           4  0.450864962989006     
           5  0.656524649022370     
           6 -0.976235450568469     
           7  9.800131348440782E-003
           8  1.704693934015593E-003
           9  0.437280940124606     
          10  3.628629004000864E-002
          11 -0.809373719451539     
          12   2.50562849205842     
           1  0.720180831528175     
           2  0.182714954134437     
           3  0.106686380825129     
           4  0.450874957227539     
           5  0.656533640578557     
           6 -0.976234391362279     
           7  9.800144081595892E-003
           8  2.004501556938897E-003
           9  0.437281911812831     
          10  3.628634253310668E-002
          11 -0.809373915351994     
          12   2.50626860327715     
           1  0.720145134014911     
           2  0.182714954258476     
           3  0.106687035894776     
           4  0.450879030947205     
           5  0.656537311887736     
           6 -0.976233965929504     
           7  9.800147514142271E-003
           8  1.788030895028150E-003
           9  0.437281335250708     
          10  3.628626852617114E-002
          11 -0.809373969368385     
          12   2.50645665358926     
           1  0.720111556273468     
           2  0.182715591958913     
           3  0.106687548450080     
           4  0.450881788425256     
           5  0.656539447135304     
           6 -0.976233677023805     
           7  9.800151400628943E-003
           8  2.876102055839317E-003
           9  0.437284692945486     
          10  3.628673489114093E-002
          11 -0.809374012799244     
          12   2.50522237651013     
           1  0.720068413094285     
           2  0.182715482012467     
           3  0.106688363563483     
           4  0.450886859184955     
           5  0.656544089149347     
           6 -0.976233144013642     
           7  9.800156729371672E-003
           8  2.539712223111881E-003
           9  0.437283752041092     
          10  3.628660606209227E-002
          11 -0.809374098720942     
          12   2.50562550602078     
           1  0.720071340968683     
           2  0.182715507815451     
           3  0.106688292048214     
           4  0.450886545183540     
           5  0.656543767212605     
           6 -0.976233183093612     
           7  9.800157391172475E-003
           8  2.473525942805318E-003
           9  0.437283679221477     
          10  3.628660349733728E-002
          11 -0.809374107870762     
          12   2.50558640529253     
           1  0.720078632532468     
           2  0.182716090311993     
           3  0.106688055083134     
           4  0.450884739765278     
           5  0.656541811081018     
           6 -0.976233369910744     
           7  9.800159792217253E-003
           8  2.785738817108654E-003
           9  0.437284491531343     
          10  3.628685576522746E-002
          11 -0.809374129103728     
          12   2.50448396246346     
           1  0.720089126473950     
           2  0.182715635061704     
           3  0.106687944819357     
           4  0.450884323487255     
           5  0.656541691591002     
           6 -0.976233416616309     
           7  9.800154958516856E-003
           8  2.738548065991863E-003
           9  0.437284406012745     
          10  3.628670091977937E-002
          11 -0.809374066525535     
          12   2.50529816525872     
           1  0.720111045623375     
           2  0.182715548275201     
           3  0.106687533359776     
           4  0.450882058530148     
           5  0.656539658035596     
           6 -0.976233662375328     
           7  9.800151263457882E-003
           8  1.014473809074156E-003
           9  0.437279057511017     
          10  3.628622603124383E-002
          11 -0.809374014520687     
          12   2.50559636122891     
           1  0.720121632212073     
           2  0.182715555565174     
           3  0.106687332952715     
           4  0.450880857345504     
           5  0.656538562733098     
           6 -0.976233790054212     
           7  9.800149294216475E-003
           8  5.992214041502181E-004
           9  0.437277759708816     
          10  3.628613491933402E-002
          11 -0.809373983800711     
          12   2.50545965067826     
           1  0.720152173210966     
           2  0.182715670394771     
           3  0.106686742656425     
           4  0.450877238767825     
           5  0.656535216740702     
           6 -0.976234173907967     
           7  9.800146913984623E-003
           8  1.407551648807019E-003
           9  0.437280366088327     
          10  3.628639503613139E-002
          11 -0.809373943692006     
          12   2.50513131498651     
           1  0.720209866642014     
           2  0.182715670631373     
           3  0.106685647511054     
           4  0.450870803629426     
           5  0.656529353225613     
           6 -0.976234861435004     
           7  9.800137659207477E-003
           8  6.102518507572331E-004
           9  0.437277903751881     
          10  3.628621670995516E-002
          11 -0.809373803281374     
          12   2.50499811470097     
           1  0.720298715345251     
           2  0.182715751615816     
           3  0.106683964288250     
           4  0.450860718795031     
           5  0.656520145543538     
           6 -0.976235934618762     
           7  9.800121867714147E-003
           8  5.872848959091701E-004
           9  0.437277842837206     
          10  3.628628728753972E-002
          11 -0.809373558218546     
          12   2.50409923434483     
           1  0.720340034780741     
           2  0.182714880165417     
           3  0.106683345713928     
           4  0.450857475546663     
           5  0.656517697166940     
           6 -0.976236276655253     
           7  9.800120250135876E-003
           8  8.515405703042504E-004
           9  0.437278855010108     
          10  3.628617666569007E-002
          11 -0.809373548440696     
          12   2.50519107010417     
           1  0.720355195059490     
           2  0.182715079529834     
           3  0.106683034877397     
           4  0.450855424361491     
           5  0.656515735889021     
           6 -0.976236491883044     
           7  9.800115256888805E-003
           8  6.680631589453454E-004
           9  0.437278065790844     
          10  3.628619515632870E-002
          11 -0.809373464294108     
          12   2.50404063486134     
           1  0.720441308712473     
           2  0.182715132557849     
           3  0.106681430847480     
           4  0.450845631451873     
           5  0.656506845918733     
           6 -0.976237525340566     
           7  9.800107813622106E-003
           8  9.247995961872317E-004
           9  0.437278813306637     
          10  3.628627281703053E-002
          11 -0.809373349860917     
          12   2.50425619554217     
           1  0.720487979915564     
           2  0.182715277931997     
           3  0.106680548041047     
           4  0.450840113399664     
           5  0.656501782543320     
           6 -0.976238104535892     
           7  9.800102463831579E-003
           8  5.284748054513755E-004
           9  0.437277402114438     
          10  3.628618317029653E-002
          11 -0.809373266719953     
          12   2.50414099194236     
           1  0.720499506825084     
           2  0.182715333886909     
           3  0.106680333507112     
           4  0.450838691919019     
           5  0.656500479491672     
           6 -0.976238251200472     
           7  9.800101607992964E-003
           8  5.280814660589676E-004
           9  0.437277289174227     
          10  3.628618728874115E-002
          11 -0.809373252306731     
          12   2.50414099194236     
           1  0.720371223982060     
           2  0.182716203134080     
           3  0.106682596949446     
           4  0.450851611644315     
           5  0.656511740430375     
           6 -0.976236877503727     
           7  9.800111975030924E-003
           8  6.459142403891282E-004
           9  0.437277300370289     
          10  3.628636597783881E-002
          11 -0.809373394191310     
          12   2.50278961489556     
           1  0.720366327792944     
           2  0.182715860217259     
           3  0.106682737201109     
           4  0.450852728796073     
           5  0.656512933038180     
           6 -0.976236760630477     
           7  9.800120036578208E-003
           8  6.438527328801842E-004
           9  0.437277461900953     
          10  3.628627323725982E-002
          11 -0.809373527540463     
          12   2.50415321462936     
           1  0.720332299919316     
           2  0.182715744835948     
           3  0.106683385475733     
           4  0.450856753322003     
           5  0.656516636788370     
           6 -0.976236337009267     
           7  9.800127152126812E-003
           8  6.608064267621732E-004
           9  0.437277587095668     
          10  3.628626274178795E-002
          11 -0.809373636250108     
          12   2.50428034902448     
           1  0.720305688532859     
           2  0.182715584397186     
           3  0.106683913954021     
           4  0.450859965672535     
           5  0.656519649739161     
           6 -0.976235993119386     
           7  9.800130413814606E-003
           8  4.530528900797268E-004
           9  0.437276875349908     
          10  3.628616625505261E-002
          11 -0.809373689787855     
          12   2.50457384484050     
           1  0.720266576911208     
           2  0.182715571614293     
           3  0.106684642311058     
           4  0.450864369642295     
           5  0.656523647320149     
           6 -0.976235525963054     
           7  9.800135339371855E-003
           8  6.151927090336307E-004
           9  0.437277402336511     
          10  3.628620708608388E-002
          11 -0.809373766158620     
          12   2.50474142110840     
           1  0.720232780647687     
           2  0.182715392409447     
           3  0.106685309504483     
           4  0.450868421027395     
           5  0.656527433133625     
           6 -0.976235092946891     
           7  9.800139001136311E-003
           8  7.319580448842975E-004
           9  0.437277741647645     
          10  3.628618461424278E-002
          11 -0.809373827042718     
          12   2.50514033286961     
           1  0.720167435876119     
           2  0.182715250211701     
           3  0.106686567856905     
           4  0.450875903100190     
           5  0.656534327798149     
           6 -0.976234290776976     
           7  9.800141770005639E-003
           8  4.624997273033884E-004
           9  0.437276732055273     
          10  3.628606428633644E-002
          11 -0.809373876505064     
          12   2.50575698793667     
           1  0.720079058602431     
           2  0.182715896972673     
           3  0.106688105623873     
           4  0.450884730453902     
           5  0.656541975741889     
           6 -0.976233355643594     
           7  9.800145852077832E-003
           8  8.165275843065240E-004
           9  0.437277679638329     
          10  3.628633508039621E-002
          11 -0.809373926693049     
          12   2.50476949509705     
           1  0.719941940395760     
           2  0.182715935304663     
           3  0.106690658799522     
           4  0.450900095276059     
           5  0.656555885346590     
           6 -0.976231727681090     
           7  9.800162183652506E-003
           8  1.378294643999833E-003
           9  0.437279525994773     
          10  3.628643412787495E-002
          11 -0.809374182579600     
          12   2.50576952215451     
           1  0.719894398943612     
           2  0.182715829610907     
           3  0.106691557216945     
           4  0.450905657188779     
           5  0.656560972637550     
           6 -0.976231142471525     
           7  9.800165432425961E-003
           8  8.920931433111276E-004
           9  0.437278032760330     
          10  3.628625869147475E-002
          11 -0.809374236976104     
          12   2.50618016947848     
           1  0.719823338704647     
           2  0.182715824792259     
           3  0.106692877771519     
           4  0.450913734192468     
           5  0.656568278922524     
           6 -0.976230293793832     
           7  9.800174504838543E-003
           8  1.936552070791317E-003
           9  0.437281542027017     
          10  3.628650280886008E-002
          11 -0.809374377958074     
          12   2.50651347030346     
           1  0.719799435384787     
           2  0.182715818629823     
           3  0.106693311990935     
           4  0.450916513442848     
           5  0.656570775307463     
           6 -0.976230006897009     
           7  9.800177899448101E-003
           8  1.715536091569829E-003
           9  0.437280983693173     
          10  3.628642515139539E-002
          11 -0.809374431692213     
          12   2.50676050392976     
           1  0.719805300194613     
           2  0.182715861786930     
           3  0.106693192283615     
           4  0.450915810135336     
           5  0.656570106224478     
           6 -0.976230083659323     
           7  9.800179333727328E-003
           8  1.721251291031328E-003
           9  0.437281044443414     
          10  3.628643085478366E-002
          11 -0.809374452042076     
          12   2.50672085527034     
           1  0.719827813947387     
           2  0.182715953362958     
           3  0.106692759040944     
           4  0.450913128988091     
           5  0.656567627135355     
           6 -0.976230367420315     
           7  9.800180521195868E-003
           8  1.843730635120141E-003
           9  0.437281421548323     
          10  3.628648276324403E-002
          11 -0.809374466120567     
          12   2.50651063882437     
           1  0.719862286804326     
           2  0.182716063888328     
           3  0.106692094523971     
           4  0.450909073710691     
           5  0.656563886352910     
           6 -0.976230797786861     
           7  9.800178998329943E-003
           8  2.175266809289813E-003
           9  0.437282465914836     
          10  3.628661655719846E-002
          11 -0.809374437627286     
          12   2.50612787200314     
           1  0.719849064954809     
           2  0.182716044197974     
           3  0.106692345001218     
           4  0.450910603258582     
           5  0.656565282452571     
           6 -0.976230636393071     
           7  9.800180627431617E-003
           8  2.053195957966627E-003
           9  0.437282097657264     
          10  3.628656568082729E-002
          11 -0.809374463969516     
          12   2.50628007185483     
           1  0.719852029521964     
           2  0.182716044139016     
           3  0.106692292476057     
           4  0.450910250313926     
           5  0.656564968486450     
           6 -0.976230672221733     
           7  9.800180105976188E-003
           8  2.083740843087140E-003
           9  0.437282155770699     
          10  3.628657802035862E-002
          11 -0.809374455744340     
          12   2.50623948801847     
           1  0.719817654641237     
           2  0.182715912198047     
           3  0.106692955065028     
           4  0.450914328138422     
           5  0.656568737339218     
           6 -0.976230240273542     
           7  9.800180176287639E-003
           8  1.833093777829904E-003
           9  0.437281391419720     
          10  3.628647672597111E-002
          11 -0.809374462821076     
          12   2.50659552597911     
           1  0.719785185231347     
           2  0.182715793928599     
           3  0.106693584565304     
           4  0.450918155638787     
           5  0.656572279140684     
           6 -0.976229833195729     
           7  9.800180057738306E-003
           8  1.647091024462617E-003
           9  0.437280782926568     
          10  3.628638866192204E-002
          11 -0.809374466636628     
          12   2.50694273694001     
           1  0.719768238520315     
           2  0.182715745738454     
           3  0.106693906065121     
           4  0.450920147910432     
           5  0.656574107334565     
           6 -0.976229623566133     
           7  9.800180404325162E-003
           8  1.596931985536327E-003
           9  0.437280648647259     
          10  3.628636320399046E-002
          11 -0.809374474522309     
          12   2.50710492094371     
           1  0.719796434143236     
           2  0.182715707618063     
           3  0.106693351038288     
           4  0.450917145125312     
           5  0.656571350037109     
           6 -0.976229955103350     
           7  9.800176187250403E-003
           8  1.649862920760418E-003
           9  0.437281113727854     
          10  3.628643311762721E-002
          11 -0.809374408786208     
          12   2.50683926432883     
           1  0.719846373110764     
           2  0.182715736853894     
           3  0.106692409902736     
           4  0.450911474345178     
           5  0.656566189366317     
           6 -0.976230555804366     
           7  9.800172619654293E-003
           8  8.424784258921516E-004
           9  0.437278484392839     
          10  3.628623629188773E-002
          11 -0.809374352221646     
          12   2.50669192876911     
           1  0.719884625646289     
           2  0.182715826916842     
           3  0.106691691626094     
           4  0.450906974379235     
           5  0.656562080402255     
           6 -0.976231027320999     
           7  9.800172307289299E-003
           8  9.022154950319929E-004
           9  0.437278520628846     
          10  3.628627770646482E-002
          11 -0.809374342782488     
          12   2.50637644298656     
           1  0.719998198837146     
           2  0.182715842696961     
           3  0.106689567912685     
           4  0.450894162430825     
           5  0.656550455896312     
           6 -0.976232384155514     
           7  9.800164878760091E-003
           8  4.907527237914349E-004
           9  0.437277165533588     
          10  3.628622726482060E-002
          11 -0.809374220255115     
          12   2.50549521192490     
           1  0.720066074575644     
           2  0.182715966038160     
           3  0.106688308212623     
           4  0.450886244144258     
           5  0.656543252882506     
           6 -0.976233213230447     
           7  9.800163075318852E-003
           8  6.932273633578925E-004
           9  0.437277546142736     
          10  3.628628758205939E-002
          11 -0.809374186013420     
          12   2.50505475735000     
           1  0.720093182407747     
           2  0.182716047265304     
           3  0.106687815416447     
           4  0.450882967438898     
           5  0.656540282087953     
           6 -0.976233549489643     
           7  9.800163067897699E-003
           8  7.129157302884837E-004
           9  0.437277346959233     
          10  3.628628846834367E-002
          11 -0.809374182201522     
          12   2.50484445305477     
           1  0.720090208914670     
           2  0.182716075040225     
           3  0.106687851206624     
           4  0.450883334240294     
           5  0.656540570589627     
           6 -0.976233517906528     
           7  9.800164375222995E-003
           8  7.776129071768218E-004
           9  0.437277719716797     
          10  3.628631417995588E-002
          11 -0.809374201711473     
          12   2.50485454545109     
           1  0.720104279952717     
           2  0.182716167903973     
           3  0.106687564635646     
           4  0.450881653015114     
           5  0.656538977892931     
           6 -0.976233700666453     
           7  9.800163165925860E-003
           8  8.031279012661856E-004
           9  0.437277896301675     
          10  3.628634429953273E-002
          11 -0.809374180910325     
          12   2.50469160351717     
           1  0.720128510426413     
           2  0.182715397202157     
           3  0.106687232983884     
           4  0.450880276557945     
           5  0.656538134251953     
           6 -0.976233851142114     
           7  9.800159238499872E-003
           8  1.283074157986112E-003
           9  0.437279796349460     
          10  3.628627932524062E-002
          11 -0.809374138601520     
          12   2.50593477714331     
           1  0.720208216762661     
           2  0.182715437469749     
           3  0.106685700484994     
           4  0.450871377555970     
           5  0.656529979853737     
           6 -0.976234808758284     
           7  9.800148094280554E-003
           8  1.499632357093409E-003
           9  0.437280845886471     
          10  3.628644176474731E-002
          11 -0.809373962844307     
          12   2.50513517197214     
           1  0.720306195928266     
           2  0.182715031881459     
           3  0.106683934427827     
           4  0.450861081109691     
           5  0.656520853299997     
           6 -0.976235904691435     
           7  9.800135348039524E-003
           8  4.871121101482086E-004
           9  0.437277773736312     
          10  3.628609631284479E-002
          11 -0.809373776119103     
          12   2.50542422755045     
           1  0.720377225101507     
           2  0.182715241289274     
           3  0.106682577182017     
           4  0.450852763235658     
           5  0.656513197599062     
           6 -0.976236786970626     
           7  9.800131748537097E-003
           8  1.182118160102286E-004
           9  0.437276513141497     
          10  3.628604673116671E-002
          11 -0.809373715008901     
          12   2.50507507034174     
           1  0.720406675462462     
           2  0.182715382147460     
           3  0.106682014337438     
           4  0.450849191496544     
           5  0.656509896829008     
           6 -0.976237162481745     
           7  9.800128185074978E-003
           8  1.443851280785327E-004
           9  0.437276457115266     
          10  3.628608123587722E-002
          11 -0.809373656668595     
          12   2.50470746419316     
           1  0.720430010228017     
           2  0.182715382043678     
           3  0.106681596164117     
           4  0.450846495208518     
           5  0.656507482395690     
           6 -0.976237441406308     
           7  9.800126669144333E-003
           8  1.667002105018324E-006
           9  0.437275762467853     
          10  3.628603780955188E-002
          11 -0.809373632496384     
          12   2.50457913237045     
           1  0.720448622799395     
           2  0.182715440782881     
           3  0.106681245120405     
           4  0.450844280181018     
           5  0.656505452095206     
           6 -0.976237674342311     
           7  9.800126109929997E-003
           8  5.126572401972427E-007
           9  0.437275646478437     
          10  3.628605238683652E-002
          11 -0.809373621636012     
          12   2.50443736951619     
           1  0.720453868750238     
           2  0.182715236085136     
           3  0.106681189008820     
           4  0.450843979749132     
           5  0.656505308834464     
           6 -0.976237701860597     
           7  9.800126181989634E-003
           8  5.778818831615405E-006
           9  0.437275636416960     
          10  3.628600226056240E-002
          11 -0.809373627859278     
          12   2.50478039709886     
           1  0.720451481985996     
           2  0.182714915855433     
           3  0.106681288427251     
           4  0.450844765832334     
           5  0.656506201392355     
           6 -0.976237617839088     
           7  9.800127078839201E-003
           8  4.666665107903037E-007
           9  0.437275673982451     
          10  3.628593047746755E-002
          11 -0.809373648387482     
          12   2.50525815581224     
           1  0.720508294952900     
           2  0.182715065447977     
           3  0.106680188540268     
           4  0.450838209526348     
           5  0.656500145657090     
           6 -0.976238320664241     
           7  9.800117820429584E-003
           8  2.809766579290938E-007
           9  0.437275760680220     
          10  3.628599880637371E-002
          11 -0.809373503174548     
          12   2.50479287631099     
          12   2.50406592573609     
