           1   1.02304927130516     
           2  1.000069822127950E-002
           3  0.178187399950246     
           4  9.391918551735801E-002
           5   8.20292628499153     
           6 -0.615378359316906     
           7  8.199216880092917E-002
           8 -0.309108462827635     
           9  3.989795682559723E-003
          10   19.3869550572118     
          11 -0.904985490692177     
          12  0.914144458301903     
           1   1.02655008578667     
           2  1.000057023348113E-002
           3  0.178365709016396     
           4  9.420262039575472E-002
           5   8.19892365936581     
           6 -0.611511971435426     
           7  8.199101907227055E-002
           8 -0.309309744068571     
           9  3.989868521716349E-003
          10   19.3865897292984     
          11 -0.904984979045089     
          12  0.912532435975553     
           1   1.03100534284126     
           2  1.000053388760538E-002
           3  0.178525372720654     
           4  9.449345463329935E-002
           5   8.19552383921139     
           6 -0.607481705244147     
           7  8.199109714657486E-002
           8 -0.308108376706377     
           9  3.990131773042352E-003
          10   19.3938190212366     
          11 -0.904985011163341     
          12  0.911606097608889     
           1   1.03116709825159     
           2  1.000038897898790E-002
           3  0.178646600799108     
           4  9.464968911103895E-002
           5   8.19236111718686     
           6 -0.605563452573975     
           7  8.198950863129614E-002
           8 -0.308240361894295     
           9  3.990307389079861E-003
          10   19.3949456928387     
          11 -0.904984303809584     
          12  0.909605795170357     
           1   1.03318658478456     
           2  1.000037198404505E-002
           3  0.178708659264572     
           4  9.477213877974006E-002
           5   8.19108840200376     
           6 -0.603858732365259     
           7  8.198960503168837E-002
           8 -0.307799315530764     
           9  3.990397388327787E-003
          10   19.3974881960525     
          11 -0.904984345671466     
          12  0.909347711045451     
           1   1.03534962162569     
           2  1.000034397279718E-002
           3  0.178781178472562     
           4  9.491241150555642E-002
           5   8.18956040395107     
           6 -0.601927425834819     
           7  8.198959094584765E-002
           8 -0.307627072683096     
           9  3.990443476692835E-003
          10   19.3985307829902     
          11 -0.904984338296077     
          12  0.908961936869822     
           1   1.03521837760777     
           2  1.000033510610342E-002
           3  0.178779257436778     
           4  9.491599786545853E-002
           5   8.18956148950096     
           6 -0.601928409127825     
           7  8.198952182468457E-002
           8 -0.307301880298485     
           9  3.990541104283660E-003
          10   19.4006210157817     
          11 -0.904984307751594     
          12  0.908898975612624     
           1   1.03485016306833     
           2  1.000033403913221E-002
           3  0.178771515119739     
           4  9.489803224771982E-002
           5   8.18969904887489     
           6 -0.602184893329789     
           7  8.198934439920544E-002
           8 -0.308371192504526     
           9  3.990319404700581E-003
          10   19.3942514140337     
          11 -0.904984229433258     
          12  0.908888669193243     
           1   1.03324731019774     
           2  1.000034460679191E-002
           3  0.178726437350431     
           4  9.480835566584854E-002
           5   8.19058896184114     
           6 -0.603453063368090     
           7  8.198921202054613E-002
           8 -0.309181083671365     
           9  3.990149116773115E-003
          10   19.3895198984713     
          11 -0.904984171042854     
          12  0.909017927256234     
           1   1.03220281546626     
           2  1.000035265243872E-002
           3  0.178680806157047     
           4  9.474154987944929E-002
           5   8.19156897722166     
           6 -0.604427549003497     
           7  8.198919120175308E-002
           8 -0.309515202696167     
           9  3.990082076498080E-003
          10   19.3874632785715     
          11 -0.904984162542958     
          12  0.909307736956447     
           1   1.03091394194307     
           2  1.000036356666566E-002
           3  0.178641423612405     
           4  9.466737017652783E-002
           5   8.19236164544628     
           6 -0.605480363174797     
           7  8.198916323428808E-002
           8 -0.309739941370086     
           9  3.990036721034576E-003
          10   19.3862028726339     
          11 -0.904984150305458     
          12  0.909453309614268     
           1   1.02995064709508     
           2  1.000051328040972E-002
           3  0.178490382435225     
           4  9.445254228586794E-002
           5   8.19618564196943     
           6 -0.608186875737494     
           7  8.199080024856958E-002
           8 -0.308868392518559     
           9  3.990018410441687E-003
          10   19.3895337093378     
          11 -0.904984879740246     
          12  0.911655151232292     
           1   1.02714128826152     
           2  1.000054937260049E-002
           3  0.178378813849223     
           4  9.426328754208864E-002
           5   8.19858862451138     
           6 -0.610827314287507     
           7  8.199090511034081E-002
           8 -0.309433919923617     
           9  3.989882883780268E-003
          10   19.3859983344929     
          11 -0.904984927832540     
          12  0.912386010054145     
           1   1.02307866293489     
           2  1.000071073469765E-002
           3  0.178175666839784     
           4  9.392181363589756E-002
           5   8.20318284991825     
           6 -0.615401707627025     
           7  8.199234639350031E-002
           8 -0.308929137389077     
           9  3.989829889170255E-003
          10   19.3879486791726     
          11 -0.904985569098558     
          12  0.914277155350808     
           1   1.02017625376402     
           2  1.000073665532877E-002
           3  0.178059014851633     
           4  9.371596690613926E-002
           5   8.20574136245277     
           6 -0.618216134603356     
           7  8.199235659623472E-002
           8 -0.310078166294352     
           9  3.989566380269959E-003
          10   19.3808521397652     
          11 -0.904985575761252     
          12  0.915108858420781     
           1   1.02167237216528     
           2  1.000073833973919E-002
           3  0.178104133026600     
           4  9.380055244418689E-002
           5   8.20483034986903     
           6 -0.617008508767430     
           7  8.199252034532081E-002
           8 -0.309525418723169     
           9  3.989667875058401E-003
          10   19.3839762785004     
          11 -0.904985647999455     
          12  0.914960035968773     
           1   1.02090596634597     
           2  1.000076857910911E-002
           3  0.178074521965068     
           4  9.374418256125237E-002
           5   8.20547095420851     
           6 -0.617764769512785     
           7  8.199279599808078E-002
           8 -0.309200276556248     
           9  3.989709550695064E-003
          10   19.3858376111343     
          11 -0.904985770180843     
          12  0.915183838493671     
           1   1.01644931406451     
           2  1.000082528192301E-002
           3  0.177906295581333     
           4  9.344196196091510E-002
           5   8.20909156572117     
           6 -0.621925045743709     
           7  8.199300630651493E-002
           8 -0.310567607962330     
           9  3.989379977804234E-003
          10   19.3774993668883     
          11 -0.904985865323901     
          12  0.916274516800471     
           1   1.01414511159888     
           2  1.000085088533242E-002
           3  0.177819450179021     
           4  9.328564177178436E-002
           5   8.21096314557355     
           6 -0.624075705793655     
           7  8.199306586422919E-002
           8 -0.311406579052527     
           9  3.989184166637674E-003
          10   19.3724000543404     
          11 -0.904985892806110     
          12  0.916835809209768     
           1   1.01401124701570     
           2  1.000085364268473E-002
           3  0.177814410039238     
           4  9.327654858259925E-002
           5   8.21107092625988     
           6 -0.624200777629747     
           7  8.199307073886249E-002
           8 -0.311587102501981     
           9  3.989142207145591E-003
          10   19.3713046944399     
          11 -0.904985894948923     
          12  0.916868710301851     
           1   1.01269956910286     
           2  1.000086802198421E-002
           3  0.177764862869576     
           4  9.318764945572486E-002
           5   8.21213884330643     
           6 -0.625424948688337     
           7  8.199310086201156E-002
           8 -0.312092786028661     
           9  3.989024142405072E-003
          10   19.3682324737627     
          11 -0.904985908868311     
          12  0.917189114140513     
           1   1.01787060592982     
           2  1.000076853073250E-002
           3  0.177966914800965     
           4  9.354279156505077E-002
           5   8.20778836340227     
           6 -0.620530394778872     
           7  8.199236643851698E-002
           8 -0.311490966868223     
           9  3.989221090922612E-003
          10   19.3720966941795     
          11 -0.904985581851107     
          12  0.915798436102714     
           1   1.01414966494673     
           2  1.000085408208361E-002
           3  0.177820706251347     
           4  9.328540761359504E-002
           5   8.21093450266156     
           6 -0.624071632441048     
           7  8.199306730990721E-002
           8 -0.311761099104624     
           9  3.989097901304948E-003
          10   19.3702508002599     
          11 -0.904985893068894     
          12  0.916826260728472     
           1   1.01435916108597     
           2  1.000084922069117E-002
           3  0.177828214609872     
           4  9.329989994941837E-002
           5   8.21077432655576     
           6 -0.623875668015123     
           7  8.199303749103648E-002
           8 -0.311692347598964     
           9  3.989115879424094E-003
          10   19.3706746556342     
          11 -0.904985879753389     
          12  0.916777732164817     
           1   1.01456813908570     
           2  1.000084565452793E-002
           3  0.177835930146200     
           4  9.331418536732296E-002
           5   8.21060884061667     
           6 -0.623680447277670     
           7  8.199301527317622E-002
           8 -0.311678964504627     
           9  3.989119951223478E-003
          10   19.3707611345547     
          11 -0.904985869773626     
          12  0.916727745177522     
           1   1.01582474852951     
           2  1.000083478784060E-002
           3  0.177884029463626     
           4  9.339898287817798E-002
           5   8.20957044533764     
           6 -0.622508012685418     
           7  8.199301321497075E-002
           8 -0.311224988161575     
           9  3.989220931812254E-003
          10   19.3735131912183     
          11 -0.904985868112442     
          12  0.916416373366872     
           1   1.01725349494214     
           2  1.000081273629062E-002
           3  0.177938444797356     
           4  9.349551326790440E-002
           5   8.20840181614568     
           6 -0.621174285576289     
           7  8.199288662390759E-002
           8 -0.311029383254368     
           9  3.989273156505103E-003
          10   19.3747297030788     
          11 -0.904985811364810     
          12  0.916060867863939     
           1   1.01951447265713     
           2  1.000073261396116E-002
           3  0.178028002120948     
           4  9.364632859515885E-002
           5   8.20650894134394     
           6 -0.619060493326981     
           7  8.199211896085630E-002
           8 -0.312044019033806     
           9  3.989094330696617E-003
          10   19.3687677605414     
          11 -0.904985470795642     
          12  0.915450974820122     
           1   1.02230928557616     
           2  1.000078467406146E-002
           3  0.178131826288674     
           4  9.383656568840378E-002
           5   8.20421628635196     
           6 -0.616458973132068     
           7  8.199305300948367E-002
           8 -0.308965385360352     
           9  3.989717354862497E-003
          10   19.3871993654331     
          11 -0.904985881925930     
          12  0.914814989488879     
           1   1.02176387930479     
           2  1.000077362138232E-002
           3  0.178121757395518     
           4  9.380589263344576E-002
           5   8.20440632810756     
           6 -0.616867043767360     
           7  8.199276923821748E-002
           8 -0.310675090958102     
           9  3.989332934226178E-003
          10   19.3770032863972     
          11 -0.904985756001346     
          12  0.914795818871144     
           1   1.02661991487740     
           2  1.000066448700301E-002
           3  0.178331438090214     
           4  9.415579775668896E-002
           5   8.19981714534128     
           6 -0.612040510573121     
           7  8.199185132405434E-002
           8 -0.312085991523071     
           9  3.989056687575217E-003
          10   19.3689376191293     
          11 -0.904985345740499     
          12  0.913198238413742     
           1   1.02793693803156     
           2  1.000065003949698E-002
           3  0.178388003873938     
           4  9.425794629478616E-002
           5   8.19854431380300     
           6 -0.610673082227083     
           7  8.199184294392921E-002
           8 -0.311561775280558     
           9  3.989175287393149E-003
          10   19.3723094576475     
          11 -0.904985340727789     
          12  0.912741805670331     
           1   1.03052903615318     
           2  1.000050849709654E-002
           3  0.178554001469272     
           4  9.452009157451267E-002
           5   8.19465940581506     
           6 -0.607209782226204     
           7  8.199042614032483E-002
           8 -0.314268001923830     
           9  3.988675798023022E-003
          10   19.3570897263801     
          11 -0.904984708354305     
          12  0.910923287056198     
           1   1.03212110715874     
           2  1.000047220214809E-002
           3  0.178604919825814     
           4  9.463075926354950E-002
           5   8.19357817455728     
           6 -0.605738593324036     
           7  8.199019488065377E-002
           8 -0.314539423684531     
           9  3.988642280105047E-003
          10   19.3555109958239     
          11 -0.904984605494413     
          12  0.910622068861046     
           1   1.02745106838286     
           2  1.000056816221958E-002
           3  0.178422559474558     
           4  9.431257312124873E-002
           5   8.19748582428423     
           6 -0.610151124874505     
           7  8.199101363863374E-002
           8 -0.312453426187460     
           9  3.989095842471479E-003
          10   19.3680357901731     
          11 -0.904984970854287     
          12  0.911854039425947     
           1   1.02762012989818     
           2  1.000055372129443E-002
           3  0.178423240345741     
           4  9.431463821198710E-002
           5   8.19752262343142     
           6 -0.610099498127246     
           7  8.199093091434541E-002
           8 -0.311992381494207     
           9  3.989223034835685E-003
          10   19.3707499224974     
          11 -0.904984934678378     
          12  0.911914843186668     
           1   1.02538354043283     
           2  1.000056409134969E-002
           3  0.178344950330973     
           4  9.417271151707041E-002
           5   8.19917825963886     
           6 -0.612081742075420     
           7  8.199089553721799E-002
           8 -0.311790309982484     
           9  3.989288205578644E-003
          10   19.3720439186012     
          11 -0.904984920086797     
          12  0.912334530070539     
           1   1.02686228020501     
           2  1.000055125614433E-002
           3  0.178391410625635     
           4  9.426046596730728E-002
           5   8.19823221051702     
           6 -0.610847030476187     
           7  8.199086138036581E-002
           8 -0.311954458144641     
           9  3.989248498703456E-003
          10   19.3709328251738     
          11 -0.904984904638356     
          12  0.912141799015464     
           1   1.02597796454705     
           2  1.000055967323380E-002
           3  0.178360150136105     
           4  9.420119532210609E-002
           5   8.19890130693709     
           6 -0.611658762403589     
           7  8.199087366302642E-002
           8 -0.312112275664362     
           9  3.989209172837380E-003
          10   19.3699663690371     
          11 -0.904984910382059     
          12  0.912328809886377     
           1   1.02699907789508     
           2  1.000057190747471E-002
           3  0.178393342422073     
           4  9.426201989578131E-002
           5   8.19820406556027     
           6 -0.610798383533327     
           7  8.199105755344738E-002
           8 -0.312165987058492     
           9  3.989159185549981E-003
          10   19.3695465000291     
          11 -0.904984991177519     
          12  0.912186297050136     
           1   1.02886666621556     
           2  1.000057857467410E-002
           3  0.178451915810376     
           4  9.436866136432658E-002
           5   8.19700809352618     
           6 -0.609274700464179     
           7  8.199120410414620E-002
           8 -0.312543629320274     
           9  3.989025341124028E-003
          10   19.3670419585401     
          11 -0.904985055415878     
          12  0.911966524993171     
           1   1.02871559194301     
           2  1.000058415293134E-002
           3  0.178440261853577     
           4  9.435212797183633E-002
           5   8.19728543952133     
           6 -0.609495910232325     
           7  8.199120659782989E-002
           8 -0.313109135317134     
           9  3.988878311971035E-003
          10   19.3635084603336     
          11 -0.904985056655707     
          12  0.912098841446795     
           1   1.02673791183876     
           2  1.000062711334939E-002
           3  0.178334692626322     
           4  9.420104732065437E-002
           5   8.19964301597714     
           6 -0.611624119995679     
           7  8.199142411157022E-002
           8 -0.313623826962854     
           9  3.988747114169068E-003
          10   19.3599694666802     
          11 -0.904985155310306     
          12  0.912994880037453     
           1   1.03503817670023     
           2  1.000069568349459E-002
           3  0.178608710915626     
           4  9.470069122481674E-002
           5   8.19390146490773     
           6 -0.604585230121216     
           7  8.199316838362064E-002
           8 -0.305148273207053     
           9  3.990557547175624E-003
          10   19.4103071932728     
          11 -0.904985925794025     
          12  0.911756109657689     
           1   1.02308162694619     
           2  1.000073916292294E-002
           3  0.178164747086860     
           4  9.390463237744634E-002
           5   8.20347161769186     
           6 -0.615590211312264     
           7  8.199258084086986E-002
           8 -0.310072395147074     
           9  3.989490050527310E-003
          10   19.3807736585639     
          11 -0.904985671785371     
          12  0.914496922932576     
           1   1.02541895361174     
           2  1.000076049062786E-002
           3  0.178245202203757     
           4  9.404942627393251E-002
           5   8.20176416661362     
           6 -0.613557698359512     
           7  8.199307139517277E-002
           8 -0.307890571515202     
           9  3.989955004395552E-003
          10   19.3937094494958     
          11 -0.904985888294075     
          12  0.914093886066323     
           1   1.02370151595763     
           2  1.000076056017881E-002
           3  0.178182517533826     
           4  9.393215564881115E-002
           5   8.20312910864812     
           6 -0.615158229459604     
           7  8.199296340581251E-002
           8 -0.308134304242543     
           9  3.989913393013643E-003
          10   19.3922582762016     
          11 -0.904985841491932     
          12  0.914488549331467     
           1   1.02413979931746     
           2  1.000075469250425E-002
           3  0.178201274917571     
           4  9.396079420317661E-002
           5   8.20272674050612     
           6 -0.614748823380488     
           7  8.199297300777907E-002
           8 -0.307630480238629     
           9  3.990029372237305E-003
          10   19.3953094368495     
          11 -0.904985845489489     
          12  0.914362652825249     
           1   1.02716168349084     
           2  1.000072906055618E-002
           3  0.178314514769085     
           4  9.416604155867520E-002
           5   8.20028060251396     
           6 -0.611929251997278     
           7  8.199298440855042E-002
           8 -0.306402306272730     
           9  3.990310271871167E-003
          10   19.4027504845566     
          11 -0.904985848988078     
          12  0.913635034006496     
           1   1.02822830879625     
           2  1.000071800707962E-002
           3  0.178354258773724     
           4  9.423866467535778E-002
           5   8.19942340038432     
           6 -0.610933700531344     
           7  8.199296147356430E-002
           8 -0.306035244858037     
           9  3.990397751827597E-003
          10   19.4049806395149     
          11 -0.904985838371312     
          12  0.913379367919928     
           1   1.02420376588543     
           2  1.000074834953274E-002
           3  0.178200596253987     
           4  9.396683930088820E-002
           5   8.20274376451740     
           6 -0.614688432406798     
           7  8.199292357201966E-002
           8 -0.307514585854449     
           9  3.990069108143512E-003
          10   19.3960237802871     
          11 -0.904985823893993     
          12  0.914371678933347     
           1   1.02077137031881     
           2  1.000077922740963E-002
           3  0.178067466117939     
           4  9.373600455046850E-002
           5   8.20561595562095     
           6 -0.617891400480699     
           7  8.199295098809947E-002
           8 -0.308673702520707     
           9  3.989814119844401E-003
          10   19.3889919864185     
          11 -0.904985838067255     
          12  0.915237654298960     
           1   1.01151615649694     
           2  1.000086129903681E-002
           3  0.177715396703994     
           4  9.311025405576795E-002
           5   8.21321638034624     
           6 -0.626526943079116     
           7  8.199300789773943E-002
           8 -0.311823562140944     
           9  3.989101334795923E-003
          10   19.3698871254370     
          11 -0.904985868332761     
          12  0.917513181063155     
           1   1.00300226788835     
           2  1.000081719527649E-002
           3  0.177417679326793     
           4  9.257883261993401E-002
           5   8.21953913068885     
           6 -0.634012649578976     
           7  8.199162254188483E-002
           8 -0.314506633505744     
           9  3.988637214419882E-003
          10   19.3545492667267     
          11 -0.904985259783769     
          12  0.918984012396041     
           1  0.997833179908316     
           2  1.000085425675864E-002
           3  0.177239434236384     
           4  9.224922919374008E-002
           5   8.22330094195177     
           6 -0.638614448606164     
           7  8.199136035004813E-002
           8 -0.316730070295250     
           9  3.988149825055029E-003
          10   19.3414384462818     
          11 -0.904985145539337     
          12  0.919890033701324     
           1  0.998161097882232     
           2  1.000074117966725E-002
           3  0.177289214811727     
           4  9.231901278301825E-002
           5   8.22209968605653     
           6 -0.637788071659655     
           7  8.198972910222542E-002
           8 -0.317127646247911     
           9  3.988184590034086E-003
          10   19.3399874692221     
          11 -0.904984422655591     
          12  0.919025459101431     
           1  0.992079451190852     
           2  1.000062515526293E-002
           3  0.177221445487161     
           4  9.212414052296246E-002
           5   8.22273112561448     
           6 -0.641187971667321     
           7  8.198704692412476E-002
           8 -0.315888159435229     
           9  3.988730363681713E-003
          10   19.3520249787425     
          11 -0.904983229056821     
          12  0.917000004956942     
           1  0.989326244317371     
           2  1.000065958961367E-002
           3  0.177129132863138     
           4  9.194309907577269E-002
           5   8.22467948336693     
           6 -0.643689140184558     
           7  8.198707693369510E-002
           8 -0.316567909625732     
           9  3.988556171531449E-003
          10   19.3481450936891     
          11 -0.904983242179125     
          12  0.917438479601866     
           1  0.986734102125394     
           2  1.000069332636537E-002
           3  0.177038927210575     
           4  9.177577333496861E-002
           5   8.22657493706465     
           6 -0.646034515824264     
           7  8.198710084201274E-002
           8 -0.317739647422968     
           9  3.988279431487475E-003
          10   19.3412376404254     
          11 -0.904983252478482     
          12  0.917864295189493     
           1  0.984033152213170     
           2  1.000072642749741E-002
           3  0.176944581474988     
           4  9.161803733442143E-002
           5   8.22850950510711     
           6 -0.648357174531630     
           7  8.198693633186684E-002
           8 -0.317615660377646     
           9  3.988333066937669E-003
          10   19.3426287618100     
          11 -0.904983181370245     
          12  0.918197509559187     
