           1  0.720496495882025     
           2  0.182715350175650     
           3  0.106680387255500     
           4  0.450839004564994     
           5  0.656500754247721     
           6 -0.976238218103729     
           7  9.800102305847727E-003
           8  7.273187555114054E-004
           9  0.437277949833764     
          10  3.628624099237054E-002
          11 -0.809373262613619     
          12   2.50415409182280     
           1  0.720369497744270     
           2  0.182716214814243     
           3  0.106682627552253     
           4  0.450851787016438     
           5  0.656511893378853     
           6 -0.976236858939344     
           7  9.800112474097119E-003
           8  7.060032628534560E-004
           9  0.437277508582976     
          10  3.628638263901896E-002
          11 -0.809373401492133     
          12   2.50279701344174     
           1  0.720364016569619     
           2  0.182715875137983     
           3  0.106682778176920     
           4  0.450852965094846     
           5  0.656513139375874     
           6 -0.976236735653897     
           7  9.800120678112685E-003
           8  7.323277314091673E-004
           9  0.437277766472934     
          10  3.628629770942891E-002
          11 -0.809373536947787     
          12   2.50416321279648     
           1  0.720330039446327     
           2  0.182715759197287     
           3  0.106683425547318     
           4  0.450856984967692     
           5  0.656516839130335     
           6 -0.976236312547311     
           7  9.800127771364554E-003
           8  7.402865655785624E-004
           9  0.437277863178197     
          10  3.628628489333558E-002
          11 -0.809373645337164     
          12   2.50429017574488     
           1  0.720299970689221     
           2  0.182715605421678     
           3  0.106684017422138     
           4  0.450860574862996     
           5  0.656520190718987     
           6 -0.976235928617638     
           7  9.800131328791244E-003
           8  9.406745151920904E-004
           9  0.437278463921444     
          10  3.628629608845525E-002
          11 -0.809373703571908     
          12   2.50459927167226     
           1  0.720261290417142     
           2  0.182715591846099     
           3  0.106684737895078     
           4  0.450864931630861     
           5  0.656524145983422     
           6 -0.976235466477265     
           7  9.800136236258843E-003
           8  1.021348079348916E-003
           9  0.437278731836707     
          10  3.628631556853287E-002
          11 -0.809373779630028     
          12   2.50476535125247     
           1  0.720228595444652     
           2  0.182715408876254     
           3  0.106685385233584     
           4  0.450868864802208     
           5  0.656527826852436     
           6 -0.976235045942375     
           7  9.800139739813873E-003
           8  1.020835488276359E-003
           9  0.437278689216508     
          10  3.628626180766034E-002
          11 -0.809373838115074     
          12   2.50515950051386     
           1  0.720157709704042     
           2  0.182715277446651     
           3  0.106686745299017     
           4  0.450876951875877     
           5  0.656535264252445     
           6 -0.976234179649842     
           7  9.800142978398325E-003
           8  1.361916259344790E-003
           9  0.437279648552372     
          10  3.628630293258131E-002
          11 -0.809373895003103     
          12   2.50580096954721     
           1  0.720072239853930     
           2  0.182715914730508     
           3  0.106688230391632     
           4  0.450885467282797     
           5  0.656542634677840     
           6 -0.976233277532378     
           7  9.800146676278767E-003
           8  1.395120742440940E-003
           9  0.437279558381243     
          10  3.628648858768502E-002
          11 -0.809373939347763     
          12   2.50480175619912     
           1  0.719939030816912     
           2  0.182715947078809     
           3  0.106690711870224     
           4  0.450900401732986     
           5  0.656556157800402     
           6 -0.976231695106166     
           7  9.800162739765805E-003
           8  1.430081985429081E-003
           9  0.437279700755083     
          10  3.628644796270916E-002
          11 -0.809374190864107     
          12   2.50578379592869     
           1  0.719882376145461     
           2  0.182715857803336     
           3  0.106691777490317     
           4  0.450906963482398     
           5  0.656562141997893     
           6 -0.976231004222530     
           7  9.800166778409150E-003
           8  1.999996381053107E-003
           9  0.437281625560649     
          10  3.628655248801863E-002
          11 -0.809374257815194     
          12   2.50623799613917     
           1  0.719824906487926     
           2  0.182715827839191     
           3  0.106692848334637     
           4  0.450913552519038     
           5  0.656568113013646     
           6 -0.976230313011493     
           7  9.800174624294585E-003
           8  1.543943186088904E-003
           9  0.437280278645173     
          10  3.628639931847284E-002
          11 -0.809374379368269     
          12   2.50650430127064     
           1  0.719795582765970     
           2  0.182715833310050     
           3  0.106693381751559     
           4  0.450916923910122     
           5  0.656571139539928     
           6 -0.976229963583456     
           7  9.800178647708527E-003
           8  1.855803557281445E-003
           9  0.437281454337068     
          10  3.628646319917322E-002
          11 -0.809374442907503     
          12   2.50678039872800     
           1  0.719801162157997     
           2  0.182715877560473     
           3  0.106693267151643     
           4  0.450916251279592     
           5  0.656570497564525     
           6 -0.976230037130971     
           7  9.800180143732589E-003
           8  1.895498592427680E-003
           9  0.437281626314929     
          10  3.628647798927812E-002
          11 -0.809374464188829     
          12   2.50674225135532     
           1  0.719826672957196     
           2  0.182715962719884     
           3  0.106692778988043     
           4  0.450913243025365     
           5  0.656567725479007     
           6 -0.976230355461401     
           7  9.800180995781676E-003
           8  1.749237043880256E-003
           9  0.437281128823184     
          10  3.628645852374381E-002
          11 -0.809374473038102     
          12   2.50651616215070     
           1  0.719867410486308     
           2  0.182716062182393     
           3  0.106691999281649     
           4  0.450908500878381     
           5  0.656563368029213     
           6 -0.976230858521431     
           7  9.800178844054229E-003
           8  1.403750521381972E-003
           9  0.437279980243949     
          10  3.628641336686093E-002
          11 -0.809374434571599     
          12   2.50609841153846     
           1  0.719851912720184     
           2  0.182716046709552     
           3  0.106692291565040     
           4  0.450910279698007     
           5  0.656564987791886     
           6 -0.976230670749245     
           7  9.800180719178903E-003
           8  1.527125871990972E-003
           9  0.437280407267424     
          10  3.628642735356449E-002
          11 -0.809374464797481     
          12   2.50626358714847     
           1  0.719855975452911     
           2  0.182716044661013     
           3  0.106692218905482     
           4  0.450909806208100     
           5  0.656564565717356     
           6 -0.976230719313111     
           7  9.800180082317827E-003
           8  1.438042555190973E-003
           9  0.437280076294010     
          10  3.628640794547293E-002
          11 -0.809374454750255     
          12   2.50621683626477     
           1  0.719817644070066     
           2  0.182715919206660     
           3  0.106692954307930     
           4  0.450914318589006     
           5  0.656568724982205     
           6 -0.976230241373353     
           7  9.800180517760012E-003
           8  1.612408911614992E-003
           9  0.437280689009828     
          10  3.628641902739258E-002
          11 -0.809374467665215     
          12   2.50659494181744     
           1  0.719781737141810     
           2  0.182715807857258     
           3  0.106693646957749     
           4  0.450918521556404     
           5  0.656572603493586     
           6 -0.976229794570936     
           7  9.800180759106302E-003
           8  1.744476280153625E-003
           9  0.437281111906434     
          10  3.628641515764507E-002
          11 -0.809374477126953     
          12   2.50696032715176     
           1  0.719764823790573     
           2  0.182715759322184     
           3  0.106693967856269     
           4  0.450920510744715     
           5  0.656574429023537     
           6 -0.976229585282907     
           7  9.800181081728873E-003
           8  1.686074317949383E-003
           9  0.437280951395305     
          10  3.628638756628796E-002
          11 -0.809374484664491     
          12   2.50712226927697     
           1  0.719797428578785     
           2  0.182715713262056     
           3  0.106693331323130     
           4  0.450917026436416     
           5  0.656571238756236     
           6 -0.976229967946661     
           7  9.800176432073844E-003
           8  1.255930689197409E-003
           9  0.437279865204936     
          10  3.628633069766830E-002
          11 -0.809374412092428     
          12   2.50683339020188     
           1  0.719837836744546     
           2  0.182715757411734     
           3  0.106692565746786     
           4  0.450912403240643     
           5  0.656567019730736     
           6 -0.976230457762862     
           7  9.800173582271796E-003
           8  1.560935200680044E-003
           9  0.437280834155902     
          10  3.628642833899979E-002
          11 -0.809374367098826     
          12   2.50673281793886     
           1  0.719877631168642     
           2  0.182715845528684     
           3  0.106691819103079     
           4  0.450907732510470     
           5  0.656562757223172     
           6 -0.976230947289059     
           7  9.800173178848640E-003
           8  1.452053222973728E-003
           9  0.437280321667984     
          10  3.628642478954534E-002
          11 -0.809374356159053     
          12   2.50641002234074     
           1  0.719987086432003     
           2  0.182715870284322     
           3  0.106689770760155     
           4  0.450895368823935     
           5  0.656551534206899     
           6 -0.976232256637976     
           7  9.800166109381317E-003
           8  1.498076053004569E-003
           9  0.437280446532306     
          10  3.628649574866838E-002
          11 -0.809374239250158     
          12   2.50554599802898     
           1  0.720058463572144     
           2  0.182715989169204     
           3  0.106688446723220     
           4  0.450887062985612     
           5  0.656543982787190     
           6 -0.976233126607292     
           7  9.800164125572188E-003
           8  1.312849890022393E-003
           9  0.437279565817654     
          10  3.628645258778093E-002
          11 -0.809374202009673     
          12   2.50509003658332     
           1  0.720085265133803     
           2  0.182716072046631     
           3  0.106687959673194     
           4  0.450883816887959     
           5  0.656541039356381     
           6 -0.976233459493272     
           7  9.800164199783981E-003
           8  1.374846064253899E-003
           9  0.437279494379245     
          10  3.628646393154051E-002
          11 -0.809374199415005     
          12   2.50488111736207     
           1  0.720081442984045     
           2  0.182716102130847     
           3  0.106688010751757     
           4  0.450884276279222     
           5  0.656541410197054     
           6 -0.976233418194807     
           7  9.800165631521227E-003
           8  1.532738009781418E-003
           9  0.437280173795355     
          10  3.628651472213779E-002
          11 -0.809374220834096     
          12   2.50489554821238     
           1  0.720096953448197     
           2  0.182716190917242     
           3  0.106687697834449     
           4  0.450882440183721     
           5  0.656539679103043     
           6 -0.976233617382352     
           7  9.800164238744290E-003
           8  1.442982110219572E-003
           9  0.437279977359392     
          10  3.628651436465932E-002
          11 -0.809374197225076     
          12   2.50472596744532     
           1  0.720130890153191     
           2  0.182715400164874     
           3  0.106687188181265     
           4  0.450880005520109     
           5  0.656537886831542     
           6 -0.976233880003228     
           7  9.800159344497357E-003
           8  8.642696343293870E-004
           9  0.437278458067843     
          10  3.628616951517660E-002
          11 -0.809374139740184     
          12   2.50592206178591     
           1  0.720215928797603     
           2  0.182715428287948     
           3  0.106685557776787     
           4  0.450870528474271     
           5  0.656529214302785     
           6 -0.976234899061237     
           7  9.800147554258992E-003
           8  5.136942480117258E-004
           9  0.437277684915584     
          10  3.628618302040005E-002
          11 -0.809373953934721     
          12   2.50509465170887     
           1  0.720301818989617     
           2  0.182715050061454     
           3  0.106684012692604     
           4  0.450861546964921     
           5  0.656521264725962     
           6 -0.976235855686573     
           7  9.800136138304282E-003
           8  8.098461765186871E-004
           9  0.437278853847574     
          10  3.628618436965420E-002
          11 -0.809373787955468     
          12   2.50544377088373     
           1  0.720372948327181     
           2  0.182715259512231     
           3  0.106682653650880     
           4  0.450853217320183     
           5  0.656513598482218     
           6 -0.976236739153917     
           7  9.800132491957240E-003
           8  4.570855965425759E-004
           9  0.437277639009034     
          10  3.628613867362475E-002
          11 -0.809373726140538     
          12   2.50509321739162     
           1  0.720406374269572     
           2  0.182715391158942     
           3  0.106682018223252     
           4  0.450849213667040     
           5  0.656509911270813     
           6 -0.976237160436647     
           7  9.800128527547396E-003
           8  4.683869831177005E-005
           9  0.437276171872034     
          10  3.628605744019193E-002
          11 -0.809373661563369     
          12   2.50470825242404     
           1  0.720430017730304     
           2  0.182715382077707     
           3  0.106681596018128     
           4  0.450846494324569     
           5  0.656507481573055     
           6 -0.976237441501481     
           7  9.800126670267452E-003
           8  4.365652969469922E-008
           9  0.437275757372447     
          10  3.628603738912994E-002
          11 -0.809373632511276     
          12   2.50457909670310     
           1  0.720448626506697     
           2  0.182715440781148     
           3  0.106681245051567     
           4  0.450844279769040     
           5  0.656505451722424     
           6 -0.976237674386167     
           7  9.800126109811892E-003
           8  1.524044337666913E-009
           9  0.437275644843772     
          10  3.628605225242781E-002
          11 -0.809373621633835     
          12   2.50443735312741     
           1  0.720453910360971     
           2  0.182715236038551     
           3  0.106681188241355     
           4  0.450843975160031     
           5  0.656505304699040     
           6 -0.976237702348199     
           7  9.800126179675447E-003
           8  4.580425882953862E-007
           9  0.437275619317090     
          10  3.628600085568061E-002
          11 -0.809373627820834     
          12   2.50478021466778     
           1  0.720451485552160     
           2  0.182714915850577     
           3  0.106681288361613     
           4  0.450844765440261     
           5  0.656506201039540     
           6 -0.976237617880728     
           7  9.800127078609725E-003
           8  2.394393880108038E-008
           9  0.437275672557240     
          10  3.628593036041749E-002
          11 -0.809373648383747     
          12   2.50525814024121     
           1  0.720508296829648     
           2  0.182715065444842     
           3  0.106680188505785     
           4  0.450838209321043     
           5  0.656500145472608     
           6 -0.976238320686058     
           7  9.800117820287710E-003
           8  5.606803322393085E-008
           9  0.437275759956607     
          10  3.628599874695947E-002
          11 -0.809373503172282     
          12   2.50479286817039     
